0 0 0
1 0.5 0
1.5 0.25 0
0.5 0.75 0
0.75 0.375 0
1.75 0.875 0
1.25 0.125 0
0.25 0.625 0
0.375 0.3125 0
1.375 0.8125 0
1.875 0.0625 0
0.875 0.5625 0
0.625 0.1875 0
1.625 0.6875 0
1.125 0.4375 0
0.125 0.9375 0
0.1875 0.46875 0
1.1875 0.96875 0
1.6875 0.21875 0
0.6875 0.71875 0
0.9375 0.09375 0
1.9375 0.59375 0
1.4375 0.34375 0
0.4375 0.84375 0
0.3125 0.15625 0
1.3125 0.65625 0
1.8125 0.40625 0
0.8125 0.90625 0
0.5625 0.28125 0
1.5625 0.78125 0
1.0625 0.03125 0
0.0625 0.53125 0
0.09375 0.265625 0
1.09375 0.765625 0
1.59375 0.015625 0
0.59375 0.515625 0
0.84375 0.140625 0
1.84375 0.640625 0
1.34375 0.390625 0
0.34375 0.890625 0
0.46875 0.078125 0
1.46875 0.578125 0
1.96875 0.328125 0
0.96875 0.828125 0
0.71875 0.453125 0
1.71875 0.953125 0
1.21875 0.203125 0
0.21875 0.703125 0
0.15625 0.234375 0
1.15625 0.734375 0
1.65625 0.484375 0
0.65625 0.984375 0
0.90625 0.359375 0
1.90625 0.859375 0
1.40625 0.109375 0
0.40625 0.609375 0
0.28125 0.421875 0
1.28125 0.921875 0
1.78125 0.171875 0
0.78125 0.671875 0
0.53125 0.046875 0
1.53125 0.546875 0
1.03125 0.296875 0
0.03125 0.796875 0
0.046875 0.398438 0
1.04688 0.898438 0
1.54688 0.148438 0
0.546875 0.648438 0
0.796875 0.0234375 0
1.79688 0.523438 0
1.29688 0.273438 0
0.296875 0.773438 0
0.421875 0.210938 0
1.42188 0.710938 0
1.92188 0.460938 0
0.921875 0.960938 0
0.671875 0.335938 0
1.67188 0.835938 0
1.17188 0.0859375 0
0.171875 0.585938 0
0.234375 0.117188 0
1.23438 0.617188 0
1.73438 0.367188 0
0.734375 0.867188 0
0.984375 0.492188 0
1.98438 0.992188 0
1.48438 0.242188 0
0.484375 0.742188 0
0.359375 0.304688 0
1.35938 0.804688 0
1.85938 0.0546875 0
0.859375 0.554688 0
0.609375 0.179688 0
1.60938 0.679688 0
1.10938 0.429688 0
0.109375 0.929688 0
0.078125 0.132812 0
1.07812 0.632812 0
1.57812 0.382812 0
0.578125 0.882812 0
0.828125 0.257812 0
1.82812 0.757812 0
1.32812 0.0078125 0
0.328125 0.507812 0
0.453125 0.445312 0
1.45312 0.945312 0
1.95312 0.195312 0
0.953125 0.695312 0
0.703125 0.0703125 0
1.70312 0.570312 0
1.20312 0.320312 0
0.203125 0.820312 0
0.140625 0.351562 0
1.14062 0.851562 0
1.64062 0.101562 0
0.640625 0.601562 0
0.890625 0.226562 0
1.89062 0.726562 0
1.39062 0.476562 0
0.390625 0.976562 0
0.265625 0.0390625 0
1.26562 0.539062 0
1.76562 0.289062 0
0.765625 0.789062 0
0.515625 0.414062 0
1.51562 0.914062 0
1.01562 0.164062 0
0.015625 0.664062 0
0.0234375 0.332031 0
1.02344 0.832031 0
1.52344 0.0820312 0
0.523438 0.582031 0
0.773438 0.207031 0
1.77344 0.707031 0
1.27344 0.457031 0
0.273438 0.957031 0
0.398438 0.0195312 0
1.39844 0.519531 0
1.89844 0.269531 0
0.898438 0.769531 0
0.648438 0.394531 0
1.64844 0.894531 0
1.14844 0.144531 0
0.148438 0.644531 0
0.210938 0.175781 0
1.21094 0.675781 0
1.71094 0.425781 0
0.710938 0.925781 0
0.960938 0.300781 0
1.96094 0.800781 0
1.46094 0.0507812 0
0.460938 0.550781 0
0.335938 0.488281 0
1.33594 0.988281 0
1.83594 0.238281 0
0.835938 0.738281 0
0.585938 0.113281 0
1.58594 0.613281 0
1.08594 0.363281 0
0.0859375 0.863281 0
0.117188 0.0664062 0
1.11719 0.566406 0
1.61719 0.316406 0
0.617188 0.816406 0
0.867188 0.441406 0
1.86719 0.941406 0
1.36719 0.191406 0
0.367188 0.691406 0
0.492188 0.253906 0
1.49219 0.753906 0
1.99219 0.00390625 0
0.992188 0.503906 0
0.742188 0.128906 0
1.74219 0.628906 0
1.24219 0.378906 0
0.242188 0.878906 0
0.179688 0.410156 0
1.17969 0.910156 0
1.67969 0.160156 0
0.679688 0.660156 0
0.929688 0.0351562 0
1.92969 0.535156 0
1.42969 0.285156 0
0.429688 0.785156 0
0.304688 0.222656 0
1.30469 0.722656 0
1.80469 0.472656 0
0.804688 0.972656 0
0.554688 0.347656 0
1.55469 0.847656 0
1.05469 0.0976562 0
0.0546875 0.597656 0
0.0390625 0.199219 0
1.03906 0.699219 0
1.53906 0.449219 0
0.539062 0.949219 0
0.789062 0.324219 0
1.78906 0.824219 0
1.28906 0.0742188 0
0.289062 0.574219 0
0.414062 0.386719 0
1.41406 0.886719 0
1.91406 0.136719 0
0.914062 0.636719 0
0.664062 0.0117188 0
1.66406 0.511719 0
1.16406 0.261719 0
0.164062 0.761719 0
0.226562 0.292969 0
1.22656 0.792969 0
1.72656 0.0429688 0
0.726562 0.542969 0
0.976562 0.167969 0
1.97656 0.667969 0
1.47656 0.417969 0
0.476562 0.917969 0
0.351562 0.105469 0
1.35156 0.605469 0
1.85156 0.355469 0
0.851562 0.855469 0
0.601562 0.480469 0
1.60156 0.980469 0
1.10156 0.230469 0
0.101562 0.730469 0
0.0703125 0.464844 0
1.07031 0.964844 0
1.57031 0.214844 0
0.570312 0.714844 0
0.820312 0.0898438 0
1.82031 0.589844 0
1.32031 0.339844 0
0.320312 0.839844 0
0.445312 0.152344 0
1.44531 0.652344 0
1.94531 0.402344 0
0.945312 0.902344 0
0.695312 0.277344 0
1.69531 0.777344 0
1.19531 0.0273438 0
0.195312 0.527344 0
0.132812 0.0585938 0
1.13281 0.558594 0
1.63281 0.308594 0
0.632812 0.808594 0
0.882812 0.433594 0
1.88281 0.933594 0
1.38281 0.183594 0
0.382812 0.683594 0
0.257812 0.371094 0
1.25781 0.871094 0
1.75781 0.121094 0
0.757812 0.621094 0
0.507812 0.246094 0
1.50781 0.746094 0
1.00781 0.496094 0
0.0078125 0.996094 0
0.0117188 0.498047 0
1.01172 0.998047 0
1.51172 0.248047 0
0.511719 0.748047 0
0.761719 0.123047 0
1.76172 0.623047 0
1.26172 0.373047 0
0.261719 0.873047 0
0.386719 0.185547 0
1.38672 0.685547 0
1.88672 0.435547 0
0.886719 0.935547 0
0.636719 0.310547 0
1.63672 0.810547 0
1.13672 0.0605469 0
0.136719 0.560547 0
0.199219 0.0292969 0
1.19922 0.529297 0
1.69922 0.279297 0
0.699219 0.779297 0
0.949219 0.404297 0
1.94922 0.904297 0
1.44922 0.154297 0
0.449219 0.654297 0
0.324219 0.341797 0
1.32422 0.841797 0
1.82422 0.0917969 0
0.824219 0.591797 0
0.574219 0.216797 0
1.57422 0.716797 0
1.07422 0.466797 0
0.0742188 0.966797 0
0.105469 0.232422 0
1.10547 0.732422 0
1.60547 0.482422 0
0.605469 0.982422 0
0.855469 0.357422 0
1.85547 0.857422 0
1.35547 0.107422 0
0.355469 0.607422 0
0.480469 0.419922 0
1.48047 0.919922 0
1.98047 0.169922 0
0.980469 0.669922 0
0.730469 0.0449219 0
1.73047 0.544922 0
1.23047 0.294922 0
0.230469 0.794922 0
0.167969 0.263672 0
1.16797 0.763672 0
1.66797 0.0136719 0
0.667969 0.513672 0
0.917969 0.138672 0
1.91797 0.638672 0
1.41797 0.388672 0
0.417969 0.888672 0
0.292969 0.0761719 0
1.29297 0.576172 0
1.79297 0.326172 0
0.792969 0.826172 0
0.542969 0.451172 0
1.54297 0.951172 0
1.04297 0.201172 0
0.0429688 0.701172 0
0.0585938 0.0996094 0
1.05859 0.599609 0
1.55859 0.349609 0
0.558594 0.849609 0
0.808594 0.474609 0
1.80859 0.974609 0
1.30859 0.224609 0
0.308594 0.724609 0
0.433594 0.287109 0
1.43359 0.787109 0
1.93359 0.0371094 0
0.933594 0.537109 0
0.683594 0.162109 0
1.68359 0.662109 0
1.18359 0.412109 0
0.183594 0.912109 0
0.246094 0.380859 0
1.24609 0.880859 0
1.74609 0.130859 0
0.746094 0.630859 0
0.996094 0.00585938 0
1.99609 0.505859 0
1.49609 0.255859 0
0.496094 0.755859 0
0.371094 0.193359 0
1.37109 0.693359 0
1.87109 0.443359 0
0.871094 0.943359 0
0.621094 0.318359 0
1.62109 0.818359 0
1.12109 0.0683594 0
0.121094 0.568359 0
0.0898438 0.365234 0
1.08984 0.865234 0
1.58984 0.115234 0
0.589844 0.615234 0
0.839844 0.240234 0
1.83984 0.740234 0
1.33984 0.490234 0
0.339844 0.990234 0
0.464844 0.0527344 0
1.46484 0.552734 0
1.96484 0.302734 0
0.964844 0.802734 0
0.714844 0.427734 0
1.71484 0.927734 0
1.21484 0.177734 0
0.214844 0.677734 0
0.152344 0.146484 0
1.15234 0.646484 0
1.65234 0.396484 0
0.652344 0.896484 0
0.902344 0.271484 0
1.90234 0.771484 0
1.40234 0.0214844 0
0.402344 0.521484 0
0.277344 0.458984 0
1.27734 0.958984 0
1.77734 0.208984 0
0.777344 0.708984 0
0.527344 0.0839844 0
1.52734 0.583984 0
1.02734 0.333984 0
0.0273438 0.833984 0
0.0195312 0.166016 0
1.01953 0.666016 0
1.51953 0.416016 0
0.519531 0.916016 0
0.769531 0.291016 0
1.76953 0.791016 0
1.26953 0.0410156 0
0.269531 0.541016 0
0.394531 0.478516 0
1.39453 0.978516 0
1.89453 0.228516 0
0.894531 0.728516 0
0.644531 0.103516 0
1.64453 0.603516 0
1.14453 0.353516 0
0.144531 0.853516 0
0.207031 0.322266 0
1.20703 0.822266 0
1.70703 0.0722656 0
0.707031 0.572266 0
0.957031 0.197266 0
1.95703 0.697266 0
1.45703 0.447266 0
0.457031 0.947266 0
0.332031 0.00976562 0
1.33203 0.509766 0
1.83203 0.259766 0
0.832031 0.759766 0
0.582031 0.384766 0
1.58203 0.884766 0
1.08203 0.134766 0
0.0820312 0.634766 0
0.113281 0.431641 0
1.11328 0.931641 0
1.61328 0.181641 0
0.613281 0.681641 0
0.863281 0.0566406 0
1.86328 0.556641 0
1.36328 0.306641 0
0.363281 0.806641 0
0.488281 0.244141 0
1.48828 0.744141 0
1.98828 0.494141 0
0.988281 0.994141 0
0.738281 0.369141 0
1.73828 0.869141 0
1.23828 0.119141 0
0.238281 0.619141 0
0.175781 0.0878906 0
1.17578 0.587891 0
1.67578 0.337891 0
0.675781 0.837891 0
0.925781 0.462891 0
1.92578 0.962891 0
1.42578 0.212891 0
0.425781 0.712891 0
0.300781 0.275391 0
1.30078 0.775391 0
1.80078 0.0253906 0
0.800781 0.525391 0
0.550781 0.150391 0
1.55078 0.650391 0
1.05078 0.400391 0
0.0507812 0.900391 0
0.0351562 0.298828 0
1.03516 0.798828 0
1.53516 0.0488281 0
0.535156 0.548828 0
0.785156 0.173828 0
1.78516 0.673828 0
1.28516 0.423828 0
0.285156 0.923828 0
0.410156 0.111328 0
1.41016 0.611328 0
1.91016 0.361328 0
0.910156 0.861328 0
0.660156 0.486328 0
1.66016 0.986328 0
1.16016 0.236328 0
0.160156 0.736328 0
0.222656 0.205078 0
1.22266 0.705078 0
1.72266 0.455078 0
0.722656 0.955078 0
0.972656 0.330078 0
1.97266 0.830078 0
1.47266 0.0800781 0
0.472656 0.580078 0
0.347656 0.392578 0
1.34766 0.892578 0
1.84766 0.142578 0
0.847656 0.642578 0
0.597656 0.0175781 0
1.59766 0.517578 0
1.09766 0.267578 0
0.0976562 0.767578 0
0.0664062 0.0332031 0
1.06641 0.533203 0
1.56641 0.283203 0
0.566406 0.783203 0
0.816406 0.408203 0
1.81641 0.908203 0
1.31641 0.158203 0
0.316406 0.658203 0
0.441406 0.345703 0
1.44141 0.845703 0
1.94141 0.0957031 0
0.941406 0.595703 0
0.691406 0.220703 0
1.69141 0.720703 0
1.19141 0.470703 0
0.191406 0.970703 0
0.128906 0.439453 0
1.12891 0.939453 0
1.62891 0.189453 0
0.628906 0.689453 0
0.878906 0.0644531 0
1.87891 0.564453 0
1.37891 0.314453 0
0.378906 0.814453 0
0.253906 0.126953 0
1.25391 0.626953 0
1.75391 0.376953 0
0.753906 0.876953 0
0.503906 0.251953 0
1.50391 0.751953 0
1.00391 0.00195312 0
0.00390625 0.501953 0
0.00585938 0.250977 0
1.00586 0.750977 0
1.50586 0.000976562 0
0.505859 0.500977 0
0.755859 0.125977 0
1.75586 0.625977 0
1.25586 0.375977 0
0.255859 0.875977 0
0.380859 0.0634766 0
1.38086 0.563477 0
1.88086 0.313477 0
0.880859 0.813477 0
0.630859 0.438477 0
1.63086 0.938477 0
1.13086 0.188477 0
0.130859 0.688477 0
0.193359 0.219727 0
1.19336 0.719727 0
1.69336 0.469727 0
0.693359 0.969727 0
0.943359 0.344727 0
1.94336 0.844727 0
1.44336 0.0947266 0
0.443359 0.594727 0
0.318359 0.407227 0
1.31836 0.907227 0
1.81836 0.157227 0
0.818359 0.657227 0
0.568359 0.0322266 0
1.56836 0.532227 0
1.06836 0.282227 0
0.0683594 0.782227 0
0.0996094 0.0166016 0
1.09961 0.516602 0
1.59961 0.266602 0
0.599609 0.766602 0
0.849609 0.391602 0
1.84961 0.891602 0
1.34961 0.141602 0
0.349609 0.641602 0
0.474609 0.329102 0
1.47461 0.829102 0
1.97461 0.0791016 0
0.974609 0.579102 0
0.724609 0.204102 0
1.72461 0.704102 0
1.22461 0.454102 0
0.224609 0.954102 0
0.162109 0.485352 0
1.16211 0.985352 0
1.66211 0.235352 0
0.662109 0.735352 0
0.912109 0.110352 0
1.91211 0.610352 0
1.41211 0.360352 0
0.412109 0.860352 0
0.287109 0.172852 0
1.28711 0.672852 0
1.78711 0.422852 0
0.787109 0.922852 0
0.537109 0.297852 0
1.53711 0.797852 0
1.03711 0.0478516 0
0.0371094 0.547852 0
0.0527344 0.149414 0
1.05273 0.649414 0
1.55273 0.399414 0
0.552734 0.899414 0
0.802734 0.274414 0
1.80273 0.774414 0
1.30273 0.0244141 0
0.302734 0.524414 0
0.427734 0.461914 0
1.42773 0.961914 0
1.92773 0.211914 0
0.927734 0.711914 0
0.677734 0.0869141 0
1.67773 0.586914 0
1.17773 0.336914 0
0.177734 0.836914 0
0.240234 0.368164 0
1.24023 0.868164 0
1.74023 0.118164 0
0.740234 0.618164 0
0.990234 0.243164 0
1.99023 0.743164 0
1.49023 0.493164 0
0.490234 0.993164 0
0.365234 0.0556641 0
1.36523 0.555664 0
1.86523 0.305664 0
0.865234 0.805664 0
0.615234 0.430664 0
1.61523 0.930664 0
1.11523 0.180664 0
0.115234 0.680664 0
0.0839844 0.383789 0
1.08398 0.883789 0
1.58398 0.133789 0
0.583984 0.633789 0
0.833984 0.00878906 0
1.83398 0.508789 0
1.33398 0.258789 0
0.333984 0.758789 0
0.458984 0.196289 0
1.45898 0.696289 0
1.95898 0.446289 0
0.958984 0.946289 0
0.708984 0.321289 0
1.70898 0.821289 0
1.20898 0.0712891 0
0.208984 0.571289 0
0.146484 0.102539 0
1.14648 0.602539 0
1.64648 0.352539 0
0.646484 0.852539 0
0.896484 0.477539 0
1.89648 0.977539 0
1.39648 0.227539 0
0.396484 0.727539 0
0.271484 0.290039 0
1.27148 0.790039 0
1.77148 0.0400391 0
0.771484 0.540039 0
0.521484 0.165039 0
1.52148 0.665039 0
1.02148 0.415039 0
0.0214844 0.915039 0
0.0292969 0.0830078 0
1.0293 0.583008 0
1.5293 0.333008 0
0.529297 0.833008 0
0.779297 0.458008 0
1.7793 0.958008 0
1.2793 0.208008 0
0.279297 0.708008 0
0.404297 0.270508 0
1.4043 0.770508 0
1.9043 0.0205078 0
0.904297 0.520508 0
0.654297 0.145508 0
1.6543 0.645508 0
1.1543 0.395508 0
0.154297 0.895508 0
0.216797 0.426758 0
1.2168 0.926758 0
1.7168 0.176758 0
0.716797 0.676758 0
0.966797 0.0517578 0
1.9668 0.551758 0
1.4668 0.301758 0
0.466797 0.801758 0
0.341797 0.239258 0
1.3418 0.739258 0
1.8418 0.489258 0
0.841797 0.989258 0
0.591797 0.364258 0
1.5918 0.864258 0
1.0918 0.114258 0
0.0917969 0.614258 0
0.123047 0.317383 0
1.12305 0.817383 0
1.62305 0.0673828 0
0.623047 0.567383 0
0.873047 0.192383 0
1.87305 0.692383 0
1.37305 0.442383 0
0.373047 0.942383 0
0.498047 0.00488281 0
1.49805 0.504883 0
1.99805 0.254883 0
0.998047 0.754883 0
0.748047 0.379883 0
1.74805 0.879883 0
1.24805 0.129883 0
0.248047 0.629883 0
0.185547 0.161133 0
1.18555 0.661133 0
1.68555 0.411133 0
0.685547 0.911133 0
0.935547 0.286133 0
1.93555 0.786133 0
1.43555 0.0361328 0
0.435547 0.536133 0
0.310547 0.473633 0
1.31055 0.973633 0
1.81055 0.223633 0
0.810547 0.723633 0
0.560547 0.0986328 0
1.56055 0.598633 0
1.06055 0.348633 0
0.0605469 0.848633 0
0.0449219 0.450195 0
1.04492 0.950195 0
1.54492 0.200195 0
0.544922 0.700195 0
0.794922 0.0751953 0
1.79492 0.575195 0
1.29492 0.325195 0
0.294922 0.825195 0
0.419922 0.137695 0
1.41992 0.637695 0
1.91992 0.387695 0
0.919922 0.887695 0
0.669922 0.262695 0
1.66992 0.762695 0
1.16992 0.0126953 0
0.169922 0.512695 0
0.232422 0.0439453 0
1.23242 0.543945 0
1.73242 0.293945 0
0.732422 0.793945 0
0.982422 0.418945 0
1.98242 0.918945 0
1.48242 0.168945 0
0.482422 0.668945 0
0.357422 0.356445 0
1.35742 0.856445 0
1.85742 0.106445 0
0.857422 0.606445 0
0.607422 0.231445 0
1.60742 0.731445 0
1.10742 0.481445 0
0.107422 0.981445 0
0.0761719 0.21582 0
1.07617 0.71582 0
1.57617 0.46582 0
0.576172 0.96582 0
0.826172 0.34082 0
1.82617 0.84082 0
1.32617 0.0908203 0
0.326172 0.59082 0
0.451172 0.40332 0
1.45117 0.90332 0
1.95117 0.15332 0
0.951172 0.65332 0
0.701172 0.0283203 0
1.70117 0.52832 0
1.20117 0.27832 0
0.201172 0.77832 0
0.138672 0.30957 0
1.13867 0.80957 0
1.63867 0.0595703 0
0.638672 0.55957 0
0.888672 0.18457 0
1.88867 0.68457 0
1.38867 0.43457 0
0.388672 0.93457 0
0.263672 0.12207 0
1.26367 0.62207 0
1.76367 0.37207 0
0.763672 0.87207 0
0.513672 0.49707 0
1.51367 0.99707 0
1.01367 0.24707 0
0.0136719 0.74707 0
0.00976562 0.249023 0
1.00977 0.749023 0
1.50977 0.499023 0
0.509766 0.999023 0
0.759766 0.374023 0
1.75977 0.874023 0
1.25977 0.124023 0
0.259766 0.624023 0
0.384766 0.436523 0
1.38477 0.936523 0
1.88477 0.186523 0
0.884766 0.686523 0
0.634766 0.0615234 0
1.63477 0.561523 0
1.13477 0.311523 0
0.134766 0.811523 0
0.197266 0.280273 0
1.19727 0.780273 0
1.69727 0.0302734 0
0.697266 0.530273 0
0.947266 0.155273 0
1.94727 0.655273 0
1.44727 0.405273 0
0.447266 0.905273 0
0.322266 0.0927734 0
1.32227 0.592773 0
1.82227 0.342773 0
0.822266 0.842773 0
0.572266 0.467773 0
1.57227 0.967773 0
1.07227 0.217773 0
0.0722656 0.717773 0
0.103516 0.483398 0
1.10352 0.983398 0
1.60352 0.233398 0
0.603516 0.733398 0
0.853516 0.108398 0
1.85352 0.608398 0
1.35352 0.358398 0
0.353516 0.858398 0
0.478516 0.170898 0
1.47852 0.670898 0
1.97852 0.420898 0
0.978516 0.920898 0
0.728516 0.295898 0
1.72852 0.795898 0
1.22852 0.0458984 0
0.228516 0.545898 0
0.166016 0.0146484 0
1.16602 0.514648 0
1.66602 0.264648 0
0.666016 0.764648 0
0.916016 0.389648 0
1.91602 0.889648 0
1.41602 0.139648 0
0.416016 0.639648 0
0.291016 0.327148 0
1.29102 0.827148 0
1.79102 0.0771484 0
0.791016 0.577148 0
0.541016 0.202148 0
1.54102 0.702148 0
1.04102 0.452148 0
0.0410156 0.952148 0
0.0566406 0.350586 0
1.05664 0.850586 0
1.55664 0.100586 0
0.556641 0.600586 0
0.806641 0.225586 0
1.80664 0.725586 0
1.30664 0.475586 0
0.306641 0.975586 0
0.431641 0.0380859 0
1.43164 0.538086 0
1.93164 0.288086 0
0.931641 0.788086 0
0.681641 0.413086 0
1.68164 0.913086 0
1.18164 0.163086 0
0.181641 0.663086 0
0.244141 0.131836 0
1.24414 0.631836 0
1.74414 0.381836 0
0.744141 0.881836 0
0.994141 0.256836 0
1.99414 0.756836 0
1.49414 0.00683594 0
0.494141 0.506836 0
0.369141 0.444336 0
1.36914 0.944336 0
1.86914 0.194336 0
0.869141 0.694336 0
0.619141 0.0693359 0
1.61914 0.569336 0
1.11914 0.319336 0
0.119141 0.819336 0
0.0878906 0.116211 0
1.08789 0.616211 0
1.58789 0.366211 0
0.587891 0.866211 0
0.837891 0.491211 0
1.83789 0.991211 0
1.33789 0.241211 0
0.337891 0.741211 0
0.462891 0.303711 0
1.46289 0.803711 0
1.96289 0.0537109 0
0.962891 0.553711 0
0.712891 0.178711 0
1.71289 0.678711 0
1.21289 0.428711 0
0.212891 0.928711 0
0.150391 0.397461 0
1.15039 0.897461 0
1.65039 0.147461 0
0.650391 0.647461 0
0.900391 0.0224609 0
1.90039 0.522461 0
1.40039 0.272461 0
0.400391 0.772461 0
0.275391 0.209961 0
1.27539 0.709961 0
1.77539 0.459961 0
0.775391 0.959961 0
0.525391 0.334961 0
1.52539 0.834961 0
1.02539 0.0849609 0
0.0253906 0.584961 0
0.0175781 0.416992 0
1.01758 0.916992 0
1.51758 0.166992 0
0.517578 0.666992 0
0.767578 0.0419922 0
1.76758 0.541992 0
1.26758 0.291992 0
0.267578 0.791992 0
0.392578 0.229492 0
1.39258 0.729492 0
1.89258 0.479492 0
0.892578 0.979492 0
0.642578 0.354492 0
1.64258 0.854492 0
1.14258 0.104492 0
0.142578 0.604492 0
0.205078 0.0732422 0
1.20508 0.573242 0
1.70508 0.323242 0
0.705078 0.823242 0
0.955078 0.448242 0
1.95508 0.948242 0
1.45508 0.198242 0
0.455078 0.698242 0
0.330078 0.260742 0
1.33008 0.760742 0
1.83008 0.0107422 0
0.830078 0.510742 0
0.580078 0.135742 0
1.58008 0.635742 0
1.08008 0.385742 0
0.0800781 0.885742 0
0.111328 0.182617 0
1.11133 0.682617 0
1.61133 0.432617 0
0.611328 0.932617 0
0.861328 0.307617 0
1.86133 0.807617 0
1.36133 0.0576172 0
0.361328 0.557617 0
0.486328 0.495117 0
1.48633 0.995117 0
1.98633 0.245117 0
0.986328 0.745117 0
0.736328 0.120117 0
1.73633 0.620117 0
1.23633 0.370117 0
0.236328 0.870117 0
0.173828 0.338867 0
1.17383 0.838867 0
1.67383 0.0888672 0
0.673828 0.588867 0
0.923828 0.213867 0
1.92383 0.713867 0
1.42383 0.463867 0
0.423828 0.963867 0
0.298828 0.0263672 0
1.29883 0.526367 0
1.79883 0.276367 0
0.798828 0.776367 0
0.548828 0.401367 0
1.54883 0.901367 0
1.04883 0.151367 0
0.0488281 0.651367 0
0.0332031 0.0498047 0
1.0332 0.549805 0
1.5332 0.299805 0
0.533203 0.799805 0
0.783203 0.424805 0
1.7832 0.924805 0
1.2832 0.174805 0
0.283203 0.674805 0
0.408203 0.362305 0
1.4082 0.862305 0
1.9082 0.112305 0
0.908203 0.612305 0
0.658203 0.237305 0
1.6582 0.737305 0
1.1582 0.487305 0
0.158203 0.987305 0
0.220703 0.456055 0
1.2207 0.956055 0
1.7207 0.206055 0
0.720703 0.706055 0
0.970703 0.0810547 0
1.9707 0.581055 0
1.4707 0.331055 0
0.470703 0.831055 0
0.345703 0.143555 0
1.3457 0.643555 0
1.8457 0.393555 0
0.845703 0.893555 0
0.595703 0.268555 0
1.5957 0.768555 0
1.0957 0.0185547 0
0.0957031 0.518555 0
0.0644531 0.28418 0
1.06445 0.78418 0
1.56445 0.0341797 0
0.564453 0.53418 0
0.814453 0.15918 0
1.81445 0.65918 0
1.31445 0.40918 0
0.314453 0.90918 0
0.439453 0.0966797 0
1.43945 0.59668 0
1.93945 0.34668 0
0.939453 0.84668 0
0.689453 0.47168 0
1.68945 0.97168 0
1.18945 0.22168 0
0.189453 0.72168 0
0.126953 0.19043 0
1.12695 0.69043 0
1.62695 0.44043 0
0.626953 0.94043 0
0.876953 0.31543 0
1.87695 0.81543 0
1.37695 0.0654297 0
0.376953 0.56543 0
0.251953 0.37793 0
1.25195 0.87793 0
1.75195 0.12793 0
0.751953 0.62793 0
0.501953 0.00292969 0
1.50195 0.50293 0
1.00195 0.25293 0
0.00195312 0.75293 0
0.00292969 0.376465 0
1.00293 0.876465 0
1.50293 0.126465 0
0.50293 0.626465 0
0.75293 0.00146484 0
1.75293 0.501465 0
1.25293 0.251465 0
0.25293 0.751465 0
0.37793 0.188965 0
1.37793 0.688965 0
1.87793 0.438965 0
0.87793 0.938965 0
0.62793 0.313965 0
1.62793 0.813965 0
1.12793 0.0639648 0
0.12793 0.563965 0
0.19043 0.0952148 0
1.19043 0.595215 0
1.69043 0.345215 0
0.69043 0.845215 0
0.94043 0.470215 0
1.94043 0.970215 0
1.44043 0.220215 0
0.44043 0.720215 0
0.31543 0.282715 0
1.31543 0.782715 0
1.81543 0.0327148 0
0.81543 0.532715 0
0.56543 0.157715 0
1.56543 0.657715 0
1.06543 0.407715 0
0.0654297 0.907715 0
0.0966797 0.14209 0
1.09668 0.64209 0
1.59668 0.39209 0
0.59668 0.89209 0
0.84668 0.26709 0
1.84668 0.76709 0
1.34668 0.0170898 0
0.34668 0.51709 0
0.47168 0.45459 0
1.47168 0.95459 0
1.97168 0.20459 0
0.97168 0.70459 0
0.72168 0.0795898 0
1.72168 0.57959 0
1.22168 0.32959 0
0.22168 0.82959 0
0.15918 0.36084 0
1.15918 0.86084 0
1.65918 0.11084 0
0.65918 0.61084 0
0.90918 0.23584 0
1.90918 0.73584 0
1.40918 0.48584 0
0.40918 0.98584 0
0.28418 0.0483398 0
1.28418 0.54834 0
1.78418 0.29834 0
0.78418 0.79834 0
0.53418 0.42334 0
1.53418 0.92334 0
1.03418 0.17334 0
0.0341797 0.67334 0
0.0498047 0.0249023 0
1.0498 0.524902 0
1.5498 0.274902 0
0.549805 0.774902 0
0.799805 0.399902 0
1.7998 0.899902 0
1.2998 0.149902 0
0.299805 0.649902 0
0.424805 0.337402 0
1.4248 0.837402 0
1.9248 0.0874023 0
0.924805 0.587402 0
0.674805 0.212402 0
1.6748 0.712402 0
1.1748 0.462402 0
0.174805 0.962402 0
0.237305 0.493652 0
1.2373 0.993652 0
1.7373 0.243652 0
0.737305 0.743652 0
0.987305 0.118652 0
1.9873 0.618652 0
1.4873 0.368652 0
0.487305 0.868652 0
0.362305 0.181152 0
1.3623 0.681152 0
1.8623 0.431152 0
0.862305 0.931152 0
0.612305 0.306152 0
1.6123 0.806152 0
1.1123 0.0561523 0
0.112305 0.556152 0
0.0810547 0.259277 0
1.08105 0.759277 0
1.58105 0.00927734 0
0.581055 0.509277 0
0.831055 0.134277 0
1.83105 0.634277 0
1.33105 0.384277 0
0.331055 0.884277 0
0.456055 0.0717773 0
1.45605 0.571777 0
1.95605 0.321777 0
0.956055 0.821777 0
0.706055 0.446777 0
1.70605 0.946777 0
1.20605 0.196777 0
0.206055 0.696777 0
0.143555 0.228027 0
1.14355 0.728027 0
1.64355 0.478027 0
0.643555 0.978027 0
0.893555 0.353027 0
1.89355 0.853027 0
1.39355 0.103027 0
0.393555 0.603027 0
0.268555 0.415527 0
1.26855 0.915527 0
1.76855 0.165527 0
0.768555 0.665527 0
0.518555 0.0405273 0
1.51855 0.540527 0
1.01855 0.290527 0
0.0185547 0.790527 0
0.0263672 0.208496 0
1.02637 0.708496 0
1.52637 0.458496 0
0.526367 0.958496 0
0.776367 0.333496 0
1.77637 0.833496 0
1.27637 0.0834961 0
0.276367 0.583496 0
0.401367 0.395996 0
1.40137 0.895996 0
1.90137 0.145996 0
0.901367 0.645996 0
0.651367 0.0209961 0
1.65137 0.520996 0
1.15137 0.270996 0
0.151367 0.770996 0
0.213867 0.302246 0
1.21387 0.802246 0
1.71387 0.0522461 0
0.713867 0.552246 0
0.963867 0.177246 0
1.96387 0.677246 0
1.46387 0.427246 0
0.463867 0.927246 0
0.338867 0.114746 0
1.33887 0.614746 0
1.83887 0.364746 0
0.838867 0.864746 0
0.588867 0.489746 0
1.58887 0.989746 0
1.08887 0.239746 0
0.0888672 0.739746 0
0.120117 0.442871 0
1.12012 0.942871 0
1.62012 0.192871 0
0.620117 0.692871 0
0.870117 0.0678711 0
1.87012 0.567871 0
1.37012 0.317871 0
0.370117 0.817871 0
0.495117 0.130371 0
1.49512 0.630371 0
1.99512 0.380371 0
0.995117 0.880371 0
0.745117 0.255371 0
1.74512 0.755371 0
1.24512 0.00537109 0
0.245117 0.505371 0
0.182617 0.0366211 0
1.18262 0.536621 0
1.68262 0.286621 0
0.682617 0.786621 0
0.932617 0.411621 0
1.93262 0.911621 0
1.43262 0.161621 0
0.432617 0.661621 0
0.307617 0.349121 0
1.30762 0.849121 0
1.80762 0.0991211 0
0.807617 0.599121 0
0.557617 0.224121 0
1.55762 0.724121 0
1.05762 0.474121 0
0.0576172 0.974121 0
0.0419922 0.325684 0
1.04199 0.825684 0
1.54199 0.0756836 0
0.541992 0.575684 0
0.791992 0.200684 0
1.79199 0.700684 0
1.29199 0.450684 0
0.291992 0.950684 0
0.416992 0.0131836 0
1.41699 0.513184 0
1.91699 0.263184 0
0.916992 0.763184 0
0.666992 0.388184 0
1.66699 0.888184 0
1.16699 0.138184 0
0.166992 0.638184 0
0.229492 0.169434 0
1.22949 0.669434 0
1.72949 0.419434 0
0.729492 0.919434 0
0.979492 0.294434 0
1.97949 0.794434 0
1.47949 0.0444336 0
0.479492 0.544434 0
0.354492 0.481934 0
1.35449 0.981934 0
1.85449 0.231934 0
0.854492 0.731934 0
0.604492 0.106934 0
1.60449 0.606934 0
1.10449 0.356934 0
0.104492 0.856934 0
0.0732422 0.0913086 0
1.07324 0.591309 0
1.57324 0.341309 0
0.573242 0.841309 0
0.823242 0.466309 0
1.82324 0.966309 0
1.32324 0.216309 0
0.323242 0.716309 0
0.448242 0.278809 0
1.44824 0.778809 0
1.94824 0.0288086 0
0.948242 0.528809 0
0.698242 0.153809 0
1.69824 0.653809 0
1.19824 0.403809 0
0.198242 0.903809 0
0.135742 0.435059 0
1.13574 0.935059 0
1.63574 0.185059 0
0.635742 0.685059 0
0.885742 0.0600586 0
1.88574 0.560059 0
1.38574 0.310059 0
0.385742 0.810059 0
0.260742 0.247559 0
1.26074 0.747559 0
1.76074 0.497559 0
0.760742 0.997559 0
0.510742 0.372559 0
1.51074 0.872559 0
1.01074 0.122559 0
0.0107422 0.622559 0
0.0146484 0.124512 0
1.01465 0.624512 0
1.51465 0.374512 0
0.514648 0.874512 0
0.764648 0.499512 0
1.76465 0.999512 0
1.26465 0.249512 0
0.264648 0.749512 0
0.389648 0.312012 0
1.38965 0.812012 0
1.88965 0.0620117 0
0.889648 0.562012 0
0.639648 0.187012 0
1.63965 0.687012 0
1.13965 0.437012 0
0.139648 0.937012 0
0.202148 0.405762 0
1.20215 0.905762 0
1.70215 0.155762 0
0.702148 0.655762 0
0.952148 0.0307617 0
1.95215 0.530762 0
1.45215 0.280762 0
0.452148 0.780762 0
0.327148 0.218262 0
1.32715 0.718262 0
1.82715 0.468262 0
0.827148 0.968262 0
0.577148 0.343262 0
1.57715 0.843262 0
1.07715 0.0932617 0
0.0771484 0.593262 0
0.108398 0.358887 0
1.1084 0.858887 0
1.6084 0.108887 0
0.608398 0.608887 0
0.858398 0.233887 0
1.8584 0.733887 0
1.3584 0.483887 0
0.358398 0.983887 0
0.483398 0.0463867 0
1.4834 0.546387 0
1.9834 0.296387 0
0.983398 0.796387 0
0.733398 0.421387 0
1.7334 0.921387 0
1.2334 0.171387 0
0.233398 0.671387 0
0.170898 0.140137 0
1.1709 0.640137 0
1.6709 0.390137 0
0.670898 0.890137 0
0.920898 0.265137 0
1.9209 0.765137 0
1.4209 0.0151367 0
0.420898 0.515137 0
0.295898 0.452637 0
1.2959 0.952637 0
1.7959 0.202637 0
0.795898 0.702637 0
0.545898 0.0776367 0
1.5459 0.577637 0
1.0459 0.327637 0
0.0458984 0.827637 0
0.0615234 0.476074 0
1.06152 0.976074 0
1.56152 0.226074 0
0.561523 0.726074 0
0.811523 0.101074 0
1.81152 0.601074 0
1.31152 0.351074 0
0.311523 0.851074 0
0.436523 0.163574 0
1.43652 0.663574 0
1.93652 0.413574 0
0.936523 0.913574 0
0.686523 0.288574 0
1.68652 0.788574 0
1.18652 0.0385742 0
0.186523 0.538574 0
0.249023 0.00732422 0
1.24902 0.507324 0
1.74902 0.257324 0
0.749023 0.757324 0
0.999023 0.382324 0
1.99902 0.882324 0
1.49902 0.132324 0
0.499023 0.632324 0
0.374023 0.319824 0
1.37402 0.819824 0
1.87402 0.0698242 0
0.874023 0.569824 0
0.624023 0.194824 0
1.62402 0.694824 0
1.12402 0.444824 0
0.124023 0.944824 0
0.0927734 0.241699 0
1.09277 0.741699 0
1.59277 0.491699 0
0.592773 0.991699 0
0.842773 0.366699 0
1.84277 0.866699 0
1.34277 0.116699 0
0.342773 0.616699 0
0.467773 0.429199 0
1.46777 0.929199 0
1.96777 0.179199 0
0.967773 0.679199 0
0.717773 0.0541992 0
1.71777 0.554199 0
1.21777 0.304199 0
0.217773 0.804199 0
0.155273 0.272949 0
1.15527 0.772949 0
1.65527 0.0229492 0
0.655273 0.522949 0
0.905273 0.147949 0
1.90527 0.647949 0
1.40527 0.397949 0
0.405273 0.897949 0
0.280273 0.0854492 0
1.28027 0.585449 0
1.78027 0.335449 0
0.780273 0.835449 0
0.530273 0.460449 0
1.53027 0.960449 0
1.03027 0.210449 0
0.0302734 0.710449 0
0.0224609 0.29248 0
1.02246 0.79248 0
1.52246 0.0424805 0
0.522461 0.54248 0
0.772461 0.16748 0
1.77246 0.66748 0
1.27246 0.41748 0
0.272461 0.91748 0
0.397461 0.10498 0
1.39746 0.60498 0
1.89746 0.35498 0
0.897461 0.85498 0
0.647461 0.47998 0
1.64746 0.97998 0
1.14746 0.22998 0
0.147461 0.72998 0
0.209961 0.19873 0
1.20996 0.69873 0
1.70996 0.44873 0
0.709961 0.94873 0
0.959961 0.32373 0
1.95996 0.82373 0
1.45996 0.0737305 0
0.459961 0.57373 0
0.334961 0.38623 0
1.33496 0.88623 0
1.83496 0.13623 0
0.834961 0.63623 0
0.584961 0.0112305 0
1.58496 0.51123 0
1.08496 0.26123 0
0.0849609 0.76123 0
0.116211 0.0581055 0
1.11621 0.558105 0
1.61621 0.308105 0
0.616211 0.808105 0
0.866211 0.433105 0
1.86621 0.933105 0
1.36621 0.183105 0
0.366211 0.683105 0
0.491211 0.370605 0
1.49121 0.870605 0
1.99121 0.120605 0
0.991211 0.620605 0
0.741211 0.245605 0
1.74121 0.745605 0
1.24121 0.495605 0
0.241211 0.995605 0
0.178711 0.464355 0
1.17871 0.964355 0
1.67871 0.214355 0
0.678711 0.714355 0
0.928711 0.0893555 0
1.92871 0.589355 0
1.42871 0.339355 0
0.428711 0.839355 0
0.303711 0.151855 0
1.30371 0.651855 0
1.80371 0.401855 0
0.803711 0.901855 0
0.553711 0.276855 0
1.55371 0.776855 0
1.05371 0.0268555 0
0.0537109 0.526855 0
0.0380859 0.175293 0
1.03809 0.675293 0
1.53809 0.425293 0
0.538086 0.925293 0
0.788086 0.300293 0
1.78809 0.800293 0
1.28809 0.050293 0
0.288086 0.550293 0
0.413086 0.487793 0
1.41309 0.987793 0
1.91309 0.237793 0
0.913086 0.737793 0
0.663086 0.112793 0
1.66309 0.612793 0
1.16309 0.362793 0
0.163086 0.862793 0
0.225586 0.331543 0
1.22559 0.831543 0
1.72559 0.081543 0
0.725586 0.581543 0
0.975586 0.206543 0
1.97559 0.706543 0
1.47559 0.456543 0
0.475586 0.956543 0
0.350586 0.019043 0
1.35059 0.519043 0
1.85059 0.269043 0
0.850586 0.769043 0
0.600586 0.394043 0
1.60059 0.894043 0
1.10059 0.144043 0
0.100586 0.644043 0
0.0693359 0.409668 0
1.06934 0.909668 0
1.56934 0.159668 0
0.569336 0.659668 0
0.819336 0.034668 0
1.81934 0.534668 0
1.31934 0.284668 0
0.319336 0.784668 0
0.444336 0.222168 0
1.44434 0.722168 0
1.94434 0.472168 0
0.944336 0.972168 0
0.694336 0.347168 0
1.69434 0.847168 0
1.19434 0.097168 0
0.194336 0.597168 0
0.131836 0.065918 0
1.13184 0.565918 0
1.63184 0.315918 0
0.631836 0.815918 0
0.881836 0.440918 0
1.88184 0.940918 0
1.38184 0.190918 0
0.381836 0.690918 0
0.256836 0.253418 0
1.25684 0.753418 0
1.75684 0.00341797 0
0.756836 0.503418 0
0.506836 0.128418 0
1.50684 0.628418 0
1.00684 0.378418 0
0.00683594 0.878418 0
0.00488281 0.125488 0
1.00488 0.625488 0
1.50488 0.375488 0
0.504883 0.875488 0
0.754883 0.250488 0
1.75488 0.750488 0
1.25488 0.000488281 0
0.254883 0.500488 0
0.379883 0.437988 0
1.37988 0.937988 0
1.87988 0.187988 0
0.879883 0.687988 0
0.629883 0.0629883 0
1.62988 0.562988 0
1.12988 0.312988 0
0.129883 0.812988 0
0.192383 0.344238 0
1.19238 0.844238 0
1.69238 0.0942383 0
0.692383 0.594238 0
0.942383 0.219238 0
1.94238 0.719238 0
1.44238 0.469238 0
0.442383 0.969238 0
0.317383 0.0317383 0
1.31738 0.531738 0
1.81738 0.281738 0
0.817383 0.781738 0
0.567383 0.406738 0
1.56738 0.906738 0
1.06738 0.156738 0
0.0673828 0.656738 0
0.0986328 0.391113 0
1.09863 0.891113 0
1.59863 0.141113 0
0.598633 0.641113 0
0.848633 0.0161133 0
1.84863 0.516113 0
1.34863 0.266113 0
0.348633 0.766113 0
0.473633 0.203613 0
1.47363 0.703613 0
1.97363 0.453613 0
0.973633 0.953613 0
0.723633 0.328613 0
1.72363 0.828613 0
1.22363 0.0786133 0
0.223633 0.578613 0
0.161133 0.109863 0
1.16113 0.609863 0
1.66113 0.359863 0
0.661133 0.859863 0
0.911133 0.484863 0
1.91113 0.984863 0
1.41113 0.234863 0
0.411133 0.734863 0
0.286133 0.297363 0
1.28613 0.797363 0
1.78613 0.0473633 0
0.786133 0.547363 0
0.536133 0.172363 0
1.53613 0.672363 0
1.03613 0.422363 0
0.0361328 0.922363 0
0.0517578 0.273926 0
1.05176 0.773926 0
1.55176 0.0239258 0
0.551758 0.523926 0
0.801758 0.148926 0
1.80176 0.648926 0
1.30176 0.398926 0
0.301758 0.898926 0
0.426758 0.0864258 0
1.42676 0.586426 0
1.92676 0.336426 0
0.926758 0.836426 0
0.676758 0.461426 0
1.67676 0.961426 0
1.17676 0.211426 0
0.176758 0.711426 0
0.239258 0.242676 0
1.23926 0.742676 0
1.73926 0.492676 0
0.739258 0.992676 0
0.989258 0.367676 0
1.98926 0.867676 0
1.48926 0.117676 0
0.489258 0.617676 0
0.364258 0.430176 0
1.36426 0.930176 0
1.86426 0.180176 0
0.864258 0.680176 0
0.614258 0.0551758 0
1.61426 0.555176 0
1.11426 0.305176 0
0.114258 0.805176 0
0.0830078 0.00830078 0
1.08301 0.508301 0
1.58301 0.258301 0
0.583008 0.758301 0
0.833008 0.383301 0
1.83301 0.883301 0
1.33301 0.133301 0
0.333008 0.633301 0
0.458008 0.320801 0
1.45801 0.820801 0
1.95801 0.0708008 0
0.958008 0.570801 0
0.708008 0.195801 0
1.70801 0.695801 0
1.20801 0.445801 0
0.208008 0.945801 0
0.145508 0.477051 0
1.14551 0.977051 0
1.64551 0.227051 0
0.645508 0.727051 0
0.895508 0.102051 0
1.89551 0.602051 0
1.39551 0.352051 0
0.395508 0.852051 0
0.270508 0.164551 0
1.27051 0.664551 0
1.77051 0.414551 0
0.770508 0.914551 0
0.520508 0.289551 0
1.52051 0.789551 0
1.02051 0.0395508 0
0.0205078 0.539551 0
0.0283203 0.45752 0
1.02832 0.95752 0
1.52832 0.20752 0
0.52832 0.70752 0
0.77832 0.0825195 0
1.77832 0.58252 0
1.27832 0.33252 0
0.27832 0.83252 0
0.40332 0.14502 0
1.40332 0.64502 0
1.90332 0.39502 0
0.90332 0.89502 0
0.65332 0.27002 0
1.65332 0.77002 0
1.15332 0.0200195 0
0.15332 0.52002 0
0.21582 0.0512695 0
1.21582 0.55127 0
1.71582 0.30127 0
0.71582 0.80127 0
0.96582 0.42627 0
1.96582 0.92627 0
1.46582 0.17627 0
0.46582 0.67627 0
0.34082 0.36377 0
1.34082 0.86377 0
1.84082 0.11377 0
0.84082 0.61377 0
0.59082 0.23877 0
1.59082 0.73877 0
1.09082 0.48877 0
0.0908203 0.98877 0
0.12207 0.191895 0
1.12207 0.691895 0
1.62207 0.441895 0
0.62207 0.941895 0
0.87207 0.316895 0
1.87207 0.816895 0
1.37207 0.0668945 0
0.37207 0.566895 0
0.49707 0.379395 0
1.49707 0.879395 0
1.99707 0.129395 0
0.99707 0.629395 0
0.74707 0.00439453 0
1.74707 0.504395 0
1.24707 0.254395 0
0.24707 0.754395 0
0.18457 0.285645 0
1.18457 0.785645 0
1.68457 0.0356445 0
0.68457 0.535645 0
0.93457 0.160645 0
1.93457 0.660645 0
1.43457 0.410645 0
0.43457 0.910645 0
0.30957 0.0981445 0
1.30957 0.598145 0
1.80957 0.348145 0
0.80957 0.848145 0
0.55957 0.473145 0
1.55957 0.973145 0
1.05957 0.223145 0
0.0595703 0.723145 0
0.0439453 0.074707 0
1.04395 0.574707 0
1.54395 0.324707 0
0.543945 0.824707 0
0.793945 0.449707 0
1.79395 0.949707 0
1.29395 0.199707 0
0.293945 0.699707 0
0.418945 0.262207 0
1.41895 0.762207 0
1.91895 0.012207 0
0.918945 0.512207 0
0.668945 0.137207 0
1.66895 0.637207 0
1.16895 0.387207 0
0.168945 0.887207 0
0.231445 0.418457 0
1.23145 0.918457 0
1.73145 0.168457 0
0.731445 0.668457 0
0.981445 0.043457 0
1.98145 0.543457 0
1.48145 0.293457 0
0.481445 0.793457 0
0.356445 0.230957 0
1.35645 0.730957 0
1.85645 0.480957 0
0.856445 0.980957 0
0.606445 0.355957 0
1.60645 0.855957 0
1.10645 0.105957 0
0.106445 0.605957 0
0.0751953 0.340332 0
1.0752 0.840332 0
1.5752 0.090332 0
0.575195 0.590332 0
0.825195 0.215332 0
1.8252 0.715332 0
1.3252 0.465332 0
0.325195 0.965332 0
0.450195 0.027832 0
1.4502 0.527832 0
1.9502 0.277832 0
0.950195 0.777832 0
0.700195 0.402832 0
1.7002 0.902832 0
1.2002 0.152832 0
0.200195 0.652832 0
0.137695 0.184082 0
1.1377 0.684082 0
1.6377 0.434082 0
0.637695 0.934082 0
0.887695 0.309082 0
1.8877 0.809082 0
1.3877 0.059082 0
0.387695 0.559082 0
0.262695 0.496582 0
1.2627 0.996582 0
1.7627 0.246582 0
0.762695 0.746582 0
0.512695 0.121582 0
1.5127 0.621582 0
1.0127 0.371582 0
0.0126953 0.871582 0
0.00878906 0.373535 0
1.00879 0.873535 0
1.50879 0.123535 0
0.508789 0.623535 0
0.758789 0.248535 0
1.75879 0.748535 0
1.25879 0.498535 0
0.258789 0.998535 0
0.383789 0.0610352 0
1.38379 0.561035 0
1.88379 0.311035 0
0.883789 0.811035 0
0.633789 0.436035 0
1.63379 0.936035 0
1.13379 0.186035 0
0.133789 0.686035 0
0.196289 0.154785 0
1.19629 0.654785 0
1.69629 0.404785 0
0.696289 0.904785 0
0.946289 0.279785 0
1.94629 0.779785 0
1.44629 0.0297852 0
0.446289 0.529785 0
0.321289 0.467285 0
1.32129 0.967285 0
1.82129 0.217285 0
0.821289 0.717285 0
0.571289 0.0922852 0
1.57129 0.592285 0
1.07129 0.342285 0
0.0712891 0.842285 0
0.102539 0.10791 0
1.10254 0.60791 0
1.60254 0.35791 0
0.602539 0.85791 0
0.852539 0.48291 0
1.85254 0.98291 0
1.35254 0.23291 0
0.352539 0.73291 0
0.477539 0.29541 0
1.47754 0.79541 0
1.97754 0.0454102 0
0.977539 0.54541 0
0.727539 0.17041 0
1.72754 0.67041 0
1.22754 0.42041 0
0.227539 0.92041 0
0.165039 0.38916 0
1.16504 0.88916 0
1.66504 0.13916 0
0.665039 0.63916 0
0.915039 0.0141602 0
1.91504 0.51416 0
1.41504 0.26416 0
0.415039 0.76416 0
0.290039 0.20166 0
1.29004 0.70166 0
1.79004 0.45166 0
0.790039 0.95166 0
0.540039 0.32666 0
1.54004 0.82666 0
1.04004 0.0766602 0
0.0400391 0.57666 0
0.0556641 0.225098 0
1.05566 0.725098 0
1.55566 0.475098 0
0.555664 0.975098 0
0.805664 0.350098 0
1.80566 0.850098 0
1.30566 0.100098 0
0.305664 0.600098 0
0.430664 0.412598 0
1.43066 0.912598 0
1.93066 0.162598 0
0.930664 0.662598 0
0.680664 0.0375977 0
1.68066 0.537598 0
1.18066 0.287598 0
0.180664 0.787598 0
0.243164 0.256348 0
1.24316 0.756348 0
1.74316 0.00634766 0
0.743164 0.506348 0
0.993164 0.131348 0
1.99316 0.631348 0
1.49316 0.381348 0
0.493164 0.881348 0
0.368164 0.0688477 0
1.36816 0.568848 0
1.86816 0.318848 0
0.868164 0.818848 0
0.618164 0.443848 0
1.61816 0.943848 0
1.11816 0.193848 0
0.118164 0.693848 0
0.0869141 0.490723 0
1.08691 0.990723 0
1.58691 0.240723 0
0.586914 0.740723 0
0.836914 0.115723 0
1.83691 0.615723 0
1.33691 0.365723 0
0.336914 0.865723 0
0.461914 0.178223 0
1.46191 0.678223 0
1.96191 0.428223 0
0.961914 0.928223 0
0.711914 0.303223 0
1.71191 0.803223 0
1.21191 0.0532227 0
0.211914 0.553223 0
0.149414 0.0219727 0
1.14941 0.521973 0
1.64941 0.271973 0
0.649414 0.771973 0
0.899414 0.396973 0
1.89941 0.896973 0
1.39941 0.146973 0
0.399414 0.646973 0
0.274414 0.334473 0
1.27441 0.834473 0
1.77441 0.0844727 0
0.774414 0.584473 0
0.524414 0.209473 0
1.52441 0.709473 0
1.02441 0.459473 0
0.0244141 0.959473 0
0.0166016 0.0415039 0
1.0166 0.541504 0
1.5166 0.291504 0
0.516602 0.791504 0
0.766602 0.416504 0
1.7666 0.916504 0
1.2666 0.166504 0
0.266602 0.666504 0
0.391602 0.354004 0
1.3916 0.854004 0
1.8916 0.104004 0
0.891602 0.604004 0
0.641602 0.229004 0
1.6416 0.729004 0
1.1416 0.479004 0
0.141602 0.979004 0
0.204102 0.447754 0
1.2041 0.947754 0
1.7041 0.197754 0
0.704102 0.697754 0
0.954102 0.0727539 0
1.9541 0.572754 0
1.4541 0.322754 0
0.454102 0.822754 0
0.329102 0.135254 0
1.3291 0.635254 0
1.8291 0.385254 0
0.829102 0.885254 0
0.579102 0.260254 0
1.5791 0.760254 0
1.0791 0.0102539 0
0.0791016 0.510254 0
0.110352 0.307129 0
1.11035 0.807129 0
1.61035 0.0571289 0
0.610352 0.557129 0
0.860352 0.182129 0
1.86035 0.682129 0
1.36035 0.432129 0
0.360352 0.932129 0
0.485352 0.119629 0
1.48535 0.619629 0
1.98535 0.369629 0
0.985352 0.869629 0
0.735352 0.494629 0
1.73535 0.994629 0
1.23535 0.244629 0
0.235352 0.744629 0
0.172852 0.213379 0
1.17285 0.713379 0
1.67285 0.463379 0
0.672852 0.963379 0
0.922852 0.338379 0
1.92285 0.838379 0
1.42285 0.0883789 0
0.422852 0.588379 0
0.297852 0.400879 0
1.29785 0.900879 0
1.79785 0.150879 0
0.797852 0.650879 0
0.547852 0.0258789 0
1.54785 0.525879 0
1.04785 0.275879 0
0.0478516 0.775879 0
0.0322266 0.424316 0
1.03223 0.924316 0
1.53223 0.174316 0
0.532227 0.674316 0
0.782227 0.0493164 0
1.78223 0.549316 0
1.28223 0.299316 0
0.282227 0.799316 0
0.407227 0.236816 0
1.40723 0.736816 0
1.90723 0.486816 0
0.907227 0.986816 0
0.657227 0.361816 0
1.65723 0.861816 0
1.15723 0.111816 0
0.157227 0.611816 0
0.219727 0.0805664 0
1.21973 0.580566 0
1.71973 0.330566 0
0.719727 0.830566 0
0.969727 0.455566 0
1.96973 0.955566 0
1.46973 0.205566 0
0.469727 0.705566 0
0.344727 0.268066 0
1.34473 0.768066 0
1.84473 0.0180664 0
0.844727 0.518066 0
0.594727 0.143066 0
1.59473 0.643066 0
1.09473 0.393066 0
0.0947266 0.893066 0
0.0634766 0.158691 0
1.06348 0.658691 0
1.56348 0.408691 0
0.563477 0.908691 0
0.813477 0.283691 0
1.81348 0.783691 0
1.31348 0.0336914 0
0.313477 0.533691 0
0.438477 0.471191 0
1.43848 0.971191 0
1.93848 0.221191 0
0.938477 0.721191 0
0.688477 0.0961914 0
1.68848 0.596191 0
1.18848 0.346191 0
0.188477 0.846191 0
0.125977 0.314941 0
1.12598 0.814941 0
1.62598 0.0649414 0
0.625977 0.564941 0
0.875977 0.189941 0
1.87598 0.689941 0
1.37598 0.439941 0
0.375977 0.939941 0
0.250977 0.00244141 0
1.25098 0.502441 0
1.75098 0.252441 0
0.750977 0.752441 0
0.500977 0.377441 0
1.50098 0.877441 0
1.00098 0.127441 0
0.000976562 0.627441 0
0.00146484 0.313721 0
1.00146 0.813721 0
1.50146 0.0637207 0
0.501465 0.563721 0
0.751465 0.188721 0
1.75146 0.688721 0
1.25146 0.438721 0
0.251465 0.938721 0
0.376465 0.0012207 0
1.37646 0.501221 0
1.87646 0.251221 0
0.876465 0.751221 0
0.626465 0.376221 0
1.62646 0.876221 0
1.12646 0.126221 0
0.126465 0.626221 0
0.188965 0.157471 0
1.18896 0.657471 0
1.68896 0.407471 0
0.688965 0.907471 0
0.938965 0.282471 0
1.93896 0.782471 0
1.43896 0.0324707 0
0.438965 0.532471 0
0.313965 0.469971 0
1.31396 0.969971 0
1.81396 0.219971 0
0.813965 0.719971 0
0.563965 0.0949707 0
1.56396 0.594971 0
1.06396 0.344971 0
0.0639648 0.844971 0
0.0952148 0.0793457 0
1.09521 0.579346 0
1.59521 0.329346 0
0.595215 0.829346 0
0.845215 0.454346 0
1.84521 0.954346 0
1.34521 0.204346 0
0.345215 0.704346 0
0.470215 0.266846 0
1.47021 0.766846 0
1.97021 0.0168457 0
0.970215 0.516846 0
0.720215 0.141846 0
1.72021 0.641846 0
1.22021 0.391846 0
0.220215 0.891846 0
0.157715 0.423096 0
1.15771 0.923096 0
1.65771 0.173096 0
0.657715 0.673096 0
0.907715 0.0480957 0
1.90771 0.548096 0
1.40771 0.298096 0
0.407715 0.798096 0
0.282715 0.235596 0
1.28271 0.735596 0
1.78271 0.485596 0
0.782715 0.985596 0
0.532715 0.360596 0
1.53271 0.860596 0
1.03271 0.110596 0
0.0327148 0.610596 0
0.0483398 0.212158 0
1.04834 0.712158 0
1.54834 0.462158 0
0.54834 0.962158 0
0.79834 0.337158 0
1.79834 0.837158 0
1.29834 0.0871582 0
0.29834 0.587158 0
0.42334 0.399658 0
1.42334 0.899658 0
1.92334 0.149658 0
0.92334 0.649658 0
0.67334 0.0246582 0
1.67334 0.524658 0
1.17334 0.274658 0
0.17334 0.774658 0
0.23584 0.305908 0
1.23584 0.805908 0
1.73584 0.0559082 0
0.73584 0.555908 0
0.98584 0.180908 0
1.98584 0.680908 0
1.48584 0.430908 0
0.48584 0.930908 0
0.36084 0.118408 0
1.36084 0.618408 0
1.86084 0.368408 0
0.86084 0.868408 0
0.61084 0.493408 0
1.61084 0.993408 0
1.11084 0.243408 0
0.11084 0.743408 0
0.0795898 0.446533 0
1.07959 0.946533 0
1.57959 0.196533 0
0.57959 0.696533 0
0.82959 0.0715332 0
1.82959 0.571533 0
1.32959 0.321533 0
0.32959 0.821533 0
0.45459 0.134033 0
1.45459 0.634033 0
1.95459 0.384033 0
0.95459 0.884033 0
0.70459 0.259033 0
1.70459 0.759033 0
1.20459 0.0090332 0
0.20459 0.509033 0
0.14209 0.0402832 0
1.14209 0.540283 0
1.64209 0.290283 0
0.64209 0.790283 0
0.89209 0.415283 0
1.89209 0.915283 0
1.39209 0.165283 0
0.39209 0.665283 0
0.26709 0.352783 0
1.26709 0.852783 0
1.76709 0.102783 0
0.76709 0.602783 0
0.51709 0.227783 0
1.51709 0.727783 0
1.01709 0.477783 0
0.0170898 0.977783 0
0.0249023 0.020752 0
1.0249 0.520752 0
1.5249 0.270752 0
0.524902 0.770752 0
0.774902 0.395752 0
1.7749 0.895752 0
1.2749 0.145752 0
0.274902 0.645752 0
0.399902 0.333252 0
1.3999 0.833252 0
1.8999 0.083252 0
0.899902 0.583252 0
0.649902 0.208252 0
1.6499 0.708252 0
1.1499 0.458252 0
0.149902 0.958252 0
0.212402 0.489502 0
1.2124 0.989502 0
1.7124 0.239502 0
0.712402 0.739502 0
0.962402 0.114502 0
1.9624 0.614502 0
1.4624 0.364502 0
0.462402 0.864502 0
0.337402 0.177002 0
1.3374 0.677002 0
1.8374 0.427002 0
0.837402 0.927002 0
0.587402 0.302002 0
1.5874 0.802002 0
1.0874 0.052002 0
0.0874023 0.552002 0
0.118652 0.255127 0
1.11865 0.755127 0
1.61865 0.00512695 0
0.618652 0.505127 0
0.868652 0.130127 0
1.86865 0.630127 0
1.36865 0.380127 0
0.368652 0.880127 0
0.493652 0.067627 0
1.49365 0.567627 0
1.99365 0.317627 0
0.993652 0.817627 0
0.743652 0.442627 0
1.74365 0.942627 0
1.24365 0.192627 0
0.243652 0.692627 0
0.181152 0.223877 0
1.18115 0.723877 0
1.68115 0.473877 0
0.681152 0.973877 0
0.931152 0.348877 0
1.93115 0.848877 0
1.43115 0.098877 0
0.431152 0.598877 0
0.306152 0.411377 0
1.30615 0.911377 0
1.80615 0.161377 0
0.806152 0.661377 0
0.556152 0.036377 0
1.55615 0.536377 0
1.05615 0.286377 0
0.0561523 0.786377 0
0.0405273 0.387939 0
1.04053 0.887939 0
1.54053 0.137939 0
0.540527 0.637939 0
0.790527 0.0129395 0
1.79053 0.512939 0
1.29053 0.262939 0
0.290527 0.762939 0
0.415527 0.200439 0
1.41553 0.700439 0
1.91553 0.450439 0
0.915527 0.950439 0
0.665527 0.325439 0
1.66553 0.825439 0
1.16553 0.0754395 0
0.165527 0.575439 0
0.228027 0.106689 0
1.22803 0.606689 0
1.72803 0.356689 0
0.728027 0.856689 0
0.978027 0.481689 0
1.97803 0.981689 0
1.47803 0.231689 0
0.478027 0.731689 0
0.353027 0.294189 0
1.35303 0.794189 0
1.85303 0.0441895 0
0.853027 0.544189 0
0.603027 0.169189 0
1.60303 0.669189 0
1.10303 0.419189 0
0.103027 0.919189 0
0.0717773 0.153564 0
1.07178 0.653564 0
1.57178 0.403564 0
0.571777 0.903564 0
0.821777 0.278564 0
1.82178 0.778564 0
1.32178 0.0285645 0
0.321777 0.528564 0
0.446777 0.466064 0
1.44678 0.966064 0
1.94678 0.216064 0
0.946777 0.716064 0
0.696777 0.0910645 0
1.69678 0.591064 0
1.19678 0.341064 0
0.196777 0.841064 0
0.134277 0.372314 0
1.13428 0.872314 0
1.63428 0.122314 0
0.634277 0.622314 0
0.884277 0.247314 0
1.88428 0.747314 0
1.38428 0.497314 0
0.384277 0.997314 0
0.259277 0.0598145 0
1.25928 0.559814 0
1.75928 0.309814 0
0.759277 0.809814 0
0.509277 0.434814 0
1.50928 0.934814 0
1.00928 0.184814 0
0.00927734 0.684814 0
0.0131836 0.186768 0
1.01318 0.686768 0
1.51318 0.436768 0
0.513184 0.936768 0
0.763184 0.311768 0
1.76318 0.811768 0
1.26318 0.0617676 0
0.263184 0.561768 0
0.388184 0.499268 0
1.38818 0.999268 0
1.88818 0.249268 0
0.888184 0.749268 0
0.638184 0.124268 0
1.63818 0.624268 0
1.13818 0.374268 0
0.138184 0.874268 0
0.200684 0.343018 0
1.20068 0.843018 0
1.70068 0.0930176 0
0.700684 0.593018 0
0.950684 0.218018 0
1.95068 0.718018 0
1.45068 0.468018 0
0.450684 0.968018 0
0.325684 0.0305176 0
1.32568 0.530518 0
1.82568 0.280518 0
0.825684 0.780518 0
0.575684 0.405518 0
1.57568 0.905518 0
1.07568 0.155518 0
0.0756836 0.655518 0
0.106934 0.421143 0
1.10693 0.921143 0
1.60693 0.171143 0
0.606934 0.671143 0
0.856934 0.0461426 0
1.85693 0.546143 0
1.35693 0.296143 0
0.356934 0.796143 0
0.481934 0.233643 0
1.48193 0.733643 0
1.98193 0.483643 0
0.981934 0.983643 0
0.731934 0.358643 0
1.73193 0.858643 0
1.23193 0.108643 0
0.231934 0.608643 0
0.169434 0.0773926 0
1.16943 0.577393 0
1.66943 0.327393 0
0.669434 0.827393 0
0.919434 0.452393 0
1.91943 0.952393 0
1.41943 0.202393 0
0.419434 0.702393 0
0.294434 0.264893 0
1.29443 0.764893 0
1.79443 0.0148926 0
0.794434 0.514893 0
0.544434 0.139893 0
1.54443 0.639893 0
1.04443 0.389893 0
0.0444336 0.889893 0
0.0600586 0.28833 0
1.06006 0.78833 0
1.56006 0.0383301 0
0.560059 0.53833 0
0.810059 0.16333 0
1.81006 0.66333 0
1.31006 0.41333 0
0.310059 0.91333 0
0.435059 0.10083 0
1.43506 0.60083 0
1.93506 0.35083 0
0.935059 0.85083 0
0.685059 0.47583 0
1.68506 0.97583 0
1.18506 0.22583 0
0.185059 0.72583 0
0.247559 0.19458 0
1.24756 0.69458 0
1.74756 0.44458 0
0.747559 0.94458 0
0.997559 0.31958 0
1.99756 0.81958 0
1.49756 0.0695801 0
0.497559 0.56958 0
0.372559 0.38208 0
1.37256 0.88208 0
1.87256 0.13208 0
0.872559 0.63208 0
0.622559 0.00708008 0
1.62256 0.50708 0
1.12256 0.25708 0
0.122559 0.75708 0
0.0913086 0.0539551 0
1.09131 0.553955 0
1.59131 0.303955 0
0.591309 0.803955 0
0.841309 0.428955 0
1.84131 0.928955 0
1.34131 0.178955 0
0.341309 0.678955 0
0.466309 0.366455 0
1.46631 0.866455 0
1.96631 0.116455 0
0.966309 0.616455 0
0.716309 0.241455 0
1.71631 0.741455 0
1.21631 0.491455 0
0.216309 0.991455 0
0.153809 0.460205 0
1.15381 0.960205 0
1.65381 0.210205 0
0.653809 0.710205 0
0.903809 0.0852051 0
1.90381 0.585205 0
1.40381 0.335205 0
0.403809 0.835205 0
0.278809 0.147705 0
1.27881 0.647705 0
1.77881 0.397705 0
0.778809 0.897705 0
0.528809 0.272705 0
1.52881 0.772705 0
1.02881 0.0227051 0
0.0288086 0.522705 0
0.0209961 0.479736 0
1.021 0.979736 0
1.521 0.229736 0
0.520996 0.729736 0
0.770996 0.104736 0
1.771 0.604736 0
1.271 0.354736 0
0.270996 0.854736 0
0.395996 0.167236 0
1.396 0.667236 0
1.896 0.417236 0
0.895996 0.917236 0
0.645996 0.292236 0
1.646 0.792236 0
1.146 0.0422363 0
0.145996 0.542236 0
0.208496 0.0109863 0
1.2085 0.510986 0
1.7085 0.260986 0
0.708496 0.760986 0
0.958496 0.385986 0
1.9585 0.885986 0
1.4585 0.135986 0
0.458496 0.635986 0
0.333496 0.323486 0
1.3335 0.823486 0
1.8335 0.0734863 0
0.833496 0.573486 0
0.583496 0.198486 0
1.5835 0.698486 0
1.0835 0.448486 0
0.0834961 0.948486 0
0.114746 0.245361 0
1.11475 0.745361 0
1.61475 0.495361 0
0.614746 0.995361 0
0.864746 0.370361 0
1.86475 0.870361 0
1.36475 0.120361 0
0.364746 0.620361 0
0.489746 0.432861 0
1.48975 0.932861 0
1.98975 0.182861 0
0.989746 0.682861 0
0.739746 0.0578613 0
1.73975 0.557861 0
1.23975 0.307861 0
0.239746 0.807861 0
0.177246 0.276611 0
1.17725 0.776611 0
1.67725 0.0266113 0
0.677246 0.526611 0
0.927246 0.151611 0
1.92725 0.651611 0
1.42725 0.401611 0
0.427246 0.901611 0
0.302246 0.0891113 0
1.30225 0.589111 0
1.80225 0.339111 0
0.802246 0.839111 0
0.552246 0.464111 0
1.55225 0.964111 0
1.05225 0.214111 0
0.0522461 0.714111 0
0.0366211 0.112549 0
1.03662 0.612549 0
1.53662 0.362549 0
0.536621 0.862549 0
0.786621 0.487549 0
1.78662 0.987549 0
1.28662 0.237549 0
0.286621 0.737549 0
0.411621 0.300049 0
1.41162 0.800049 0
1.91162 0.0500488 0
0.911621 0.550049 0
0.661621 0.175049 0
1.66162 0.675049 0
1.16162 0.425049 0
0.161621 0.925049 0
0.224121 0.393799 0
1.22412 0.893799 0
1.72412 0.143799 0
0.724121 0.643799 0
0.974121 0.0187988 0
1.97412 0.518799 0
1.47412 0.268799 0
0.474121 0.768799 0
0.349121 0.206299 0
1.34912 0.706299 0
1.84912 0.456299 0
0.849121 0.956299 0
0.599121 0.331299 0
1.59912 0.831299 0
1.09912 0.0812988 0
0.0991211 0.581299 0
0.0678711 0.346924 0
1.06787 0.846924 0
1.56787 0.0969238 0
0.567871 0.596924 0
0.817871 0.221924 0
1.81787 0.721924 0
1.31787 0.471924 0
0.317871 0.971924 0
0.442871 0.0344238 0
1.44287 0.534424 0
1.94287 0.284424 0
0.942871 0.784424 0
0.692871 0.409424 0
1.69287 0.909424 0
1.19287 0.159424 0
0.192871 0.659424 0
0.130371 0.128174 0
1.13037 0.628174 0
1.63037 0.378174 0
0.630371 0.878174 0
0.880371 0.253174 0
1.88037 0.753174 0
1.38037 0.00317383 0
0.380371 0.503174 0
0.255371 0.440674 0
1.25537 0.940674 0
1.75537 0.190674 0
0.755371 0.690674 0
0.505371 0.0656738 0
1.50537 0.565674 0
1.00537 0.315674 0
0.00537109 0.815674 0
0.00732422 0.0627441 0
1.00732 0.562744 0
1.50732 0.312744 0
0.507324 0.812744 0
0.757324 0.437744 0
1.75732 0.937744 0
1.25732 0.187744 0
0.257324 0.687744 0
0.382324 0.250244 0
1.38232 0.750244 0
1.88232 0.000244141 0
0.882324 0.500244 0
0.632324 0.125244 0
1.63232 0.625244 0
1.13232 0.375244 0
0.132324 0.875244 0
0.194824 0.406494 0
1.19482 0.906494 0
1.69482 0.156494 0
0.694824 0.656494 0
0.944824 0.0314941 0
1.94482 0.531494 0
1.44482 0.281494 0
0.444824 0.781494 0
0.319824 0.218994 0
1.31982 0.718994 0
1.81982 0.468994 0
0.819824 0.968994 0
0.569824 0.343994 0
1.56982 0.843994 0
1.06982 0.0939941 0
0.0698242 0.593994 0
0.101074 0.328369 0
1.10107 0.828369 0
1.60107 0.0783691 0
0.601074 0.578369 0
0.851074 0.203369 0
1.85107 0.703369 0
1.35107 0.453369 0
0.351074 0.953369 0
0.476074 0.0158691 0
1.47607 0.515869 0
1.97607 0.265869 0
0.976074 0.765869 0
0.726074 0.390869 0
1.72607 0.890869 0
1.22607 0.140869 0
0.226074 0.640869 0
0.163574 0.172119 0
1.16357 0.672119 0
1.66357 0.422119 0
0.663574 0.922119 0
0.913574 0.297119 0
1.91357 0.797119 0
1.41357 0.0471191 0
0.413574 0.547119 0
0.288574 0.484619 0
1.28857 0.984619 0
1.78857 0.234619 0
0.788574 0.734619 0
0.538574 0.109619 0
1.53857 0.609619 0
1.03857 0.359619 0
0.0385742 0.859619 0
0.0541992 0.461182 0
1.0542 0.961182 0
1.5542 0.211182 0
0.554199 0.711182 0
0.804199 0.0861816 0
1.8042 0.586182 0
1.3042 0.336182 0
0.304199 0.836182 0
0.429199 0.148682 0
1.4292 0.648682 0
1.9292 0.398682 0
0.929199 0.898682 0
0.679199 0.273682 0
1.6792 0.773682 0
1.1792 0.0236816 0
0.179199 0.523682 0
0.241699 0.0549316 0
1.2417 0.554932 0
1.7417 0.304932 0
0.741699 0.804932 0
0.991699 0.429932 0
1.9917 0.929932 0
1.4917 0.179932 0
0.491699 0.679932 0
0.366699 0.367432 0
1.3667 0.867432 0
1.8667 0.117432 0
0.866699 0.617432 0
0.616699 0.242432 0
1.6167 0.742432 0
1.1167 0.492432 0
0.116699 0.992432 0
0.0854492 0.195557 0
1.08545 0.695557 0
1.58545 0.445557 0
0.585449 0.945557 0
0.835449 0.320557 0
1.83545 0.820557 0
1.33545 0.0705566 0
0.335449 0.570557 0
0.460449 0.383057 0
1.46045 0.883057 0
1.96045 0.133057 0
0.960449 0.633057 0
0.710449 0.00805664 0
1.71045 0.508057 0
1.21045 0.258057 0
0.210449 0.758057 0
0.147949 0.289307 0
1.14795 0.789307 0
1.64795 0.0393066 0
0.647949 0.539307 0
0.897949 0.164307 0
1.89795 0.664307 0
1.39795 0.414307 0
0.397949 0.914307 0
0.272949 0.101807 0
1.27295 0.601807 0
1.77295 0.351807 0
0.772949 0.851807 0
0.522949 0.476807 0
1.52295 0.976807 0
1.02295 0.226807 0
0.0229492 0.726807 0
0.0307617 0.269775 0
1.03076 0.769775 0
1.53076 0.0197754 0
0.530762 0.519775 0
0.780762 0.144775 0
1.78076 0.644775 0
1.28076 0.394775 0
0.280762 0.894775 0
0.405762 0.0822754 0
1.40576 0.582275 0
1.90576 0.332275 0
0.905762 0.832275 0
0.655762 0.457275 0
1.65576 0.957275 0
1.15576 0.207275 0
0.155762 0.707275 0
0.218262 0.238525 0
1.21826 0.738525 0
1.71826 0.488525 0
0.718262 0.988525 0
0.968262 0.363525 0
1.96826 0.863525 0
1.46826 0.113525 0
0.468262 0.613525 0
0.343262 0.426025 0
1.34326 0.926025 0
1.84326 0.176025 0
0.843262 0.676025 0
0.593262 0.0510254 0
1.59326 0.551025 0
1.09326 0.301025 0
0.0932617 0.801025 0
0.124512 0.00415039 0
1.12451 0.50415 0
1.62451 0.25415 0
0.624512 0.75415 0
0.874512 0.37915 0
1.87451 0.87915 0
1.37451 0.12915 0
0.374512 0.62915 0
0.499512 0.31665 0
1.49951 0.81665 0
1.99951 0.0666504 0
0.999512 0.56665 0
0.749512 0.19165 0
1.74951 0.69165 0
1.24951 0.44165 0
0.249512 0.94165 0
0.187012 0.4729 0
1.18701 0.9729 0
1.68701 0.2229 0
0.687012 0.7229 0
0.937012 0.0979004 0
1.93701 0.5979 0
1.43701 0.3479 0
0.437012 0.8479 0
0.312012 0.1604 0
1.31201 0.6604 0
1.81201 0.4104 0
0.812012 0.9104 0
0.562012 0.2854 0
1.56201 0.7854 0
1.06201 0.0354004 0
0.0620117 0.5354 0
0.0463867 0.136963 0
1.04639 0.636963 0
1.54639 0.386963 0
0.546387 0.886963 0
0.796387 0.261963 0
1.79639 0.761963 0
1.29639 0.0119629 0
0.296387 0.511963 0
0.421387 0.449463 0
1.42139 0.949463 0
1.92139 0.199463 0
0.921387 0.699463 0
0.671387 0.0744629 0
1.67139 0.574463 0
1.17139 0.324463 0
0.171387 0.824463 0
0.233887 0.355713 0
1.23389 0.855713 0
1.73389 0.105713 0
0.733887 0.605713 0
0.983887 0.230713 0
1.98389 0.730713 0
1.48389 0.480713 0
0.483887 0.980713 0
0.358887 0.0432129 0
1.35889 0.543213 0
1.85889 0.293213 0
0.858887 0.793213 0
0.608887 0.418213 0
1.60889 0.918213 0
1.10889 0.168213 0
0.108887 0.668213 0
0.0776367 0.402588 0
1.07764 0.902588 0
1.57764 0.152588 0
0.577637 0.652588 0
0.827637 0.0275879 0
1.82764 0.527588 0
1.32764 0.277588 0
0.327637 0.777588 0
0.452637 0.215088 0
1.45264 0.715088 0
1.95264 0.465088 0
0.952637 0.965088 0
0.702637 0.340088 0
1.70264 0.840088 0
1.20264 0.0900879 0
0.202637 0.590088 0
0.140137 0.121338 0
1.14014 0.621338 0
1.64014 0.371338 0
0.640137 0.871338 0
0.890137 0.496338 0
1.89014 0.996338 0
1.39014 0.246338 0
0.390137 0.746338 0
0.265137 0.308838 0
1.26514 0.808838 0
1.76514 0.0588379 0
0.765137 0.558838 0
0.515137 0.183838 0
1.51514 0.683838 0
1.01514 0.433838 0
0.0151367 0.933838 0
0.0112305 0.435791 0
1.01123 0.935791 0
1.51123 0.185791 0
0.51123 0.685791 0
0.76123 0.060791 0
1.76123 0.560791 0
1.26123 0.310791 0
0.26123 0.810791 0
0.38623 0.248291 0
1.38623 0.748291 0
1.88623 0.498291 0
0.88623 0.998291 0
0.63623 0.373291 0
1.63623 0.873291 0
1.13623 0.123291 0
0.13623 0.623291 0
0.19873 0.092041 0
1.19873 0.592041 0
1.69873 0.342041 0
0.69873 0.842041 0
0.94873 0.467041 0
1.94873 0.967041 0
1.44873 0.217041 0
0.44873 0.717041 0
0.32373 0.279541 0
1.32373 0.779541 0
1.82373 0.029541 0
0.82373 0.529541 0
0.57373 0.154541 0
1.57373 0.654541 0
1.07373 0.404541 0
0.0737305 0.904541 0
0.10498 0.170166 0
1.10498 0.670166 0
1.60498 0.420166 0
0.60498 0.920166 0
0.85498 0.295166 0
1.85498 0.795166 0
1.35498 0.045166 0
0.35498 0.545166 0
0.47998 0.482666 0
1.47998 0.982666 0
1.97998 0.232666 0
0.97998 0.732666 0
0.72998 0.107666 0
1.72998 0.607666 0
1.22998 0.357666 0
0.22998 0.857666 0
0.16748 0.326416 0
1.16748 0.826416 0
1.66748 0.076416 0
0.66748 0.576416 0
0.91748 0.201416 0
1.91748 0.701416 0
1.41748 0.451416 0
0.41748 0.951416 0
0.29248 0.013916 0
1.29248 0.513916 0
1.79248 0.263916 0
0.79248 0.763916 0
0.54248 0.388916 0
1.54248 0.888916 0
1.04248 0.138916 0
0.0424805 0.638916 0
0.0581055 0.0373535 0
1.05811 0.537354 0
1.55811 0.287354 0
0.558105 0.787354 0
0.808105 0.412354 0
1.80811 0.912354 0
1.30811 0.162354 0
0.308105 0.662354 0
0.433105 0.349854 0
1.43311 0.849854 0
1.93311 0.0998535 0
0.933105 0.599854 0
0.683105 0.224854 0
1.68311 0.724854 0
1.18311 0.474854 0
0.183105 0.974854 0
0.245605 0.443604 0
1.24561 0.943604 0
1.74561 0.193604 0
0.745605 0.693604 0
0.995605 0.0686035 0
1.99561 0.568604 0
1.49561 0.318604 0
0.495605 0.818604 0
0.370605 0.131104 0
1.37061 0.631104 0
1.87061 0.381104 0
0.870605 0.881104 0
0.620605 0.256104 0
1.62061 0.756104 0
1.12061 0.00610352 0
0.120605 0.506104 0
0.0893555 0.302979 0
1.08936 0.802979 0
1.58936 0.0529785 0
0.589355 0.552979 0
0.839355 0.177979 0
1.83936 0.677979 0
1.33936 0.427979 0
0.339355 0.927979 0
0.464355 0.115479 0
1.46436 0.615479 0
1.96436 0.365479 0
0.964355 0.865479 0
0.714355 0.490479 0
1.71436 0.990479 0
1.21436 0.240479 0
0.214355 0.740479 0
0.151855 0.209229 0
1.15186 0.709229 0
1.65186 0.459229 0
0.651855 0.959229 0
0.901855 0.334229 0
1.90186 0.834229 0
1.40186 0.0842285 0
0.401855 0.584229 0
0.276855 0.396729 0
1.27686 0.896729 0
1.77686 0.146729 0
0.776855 0.646729 0
0.526855 0.0217285 0
1.52686 0.521729 0
1.02686 0.271729 0
0.0268555 0.771729 0
0.019043 0.22876 0
1.01904 0.72876 0
1.51904 0.47876 0
0.519043 0.97876 0
0.769043 0.35376 0
1.76904 0.85376 0
1.26904 0.10376 0
0.269043 0.60376 0
0.394043 0.41626 0
1.39404 0.91626 0
1.89404 0.16626 0
0.894043 0.66626 0
0.644043 0.0412598 0
1.64404 0.54126 0
1.14404 0.29126 0
0.144043 0.79126 0
0.206543 0.26001 0
1.20654 0.76001 0
1.70654 0.0100098 0
0.706543 0.51001 0
0.956543 0.13501 0
1.95654 0.63501 0
1.45654 0.38501 0
0.456543 0.88501 0
0.331543 0.0725098 0
1.33154 0.57251 0
1.83154 0.32251 0
0.831543 0.82251 0
0.581543 0.44751 0
1.58154 0.94751 0
1.08154 0.19751 0
0.081543 0.69751 0
0.112793 0.494385 0
1.11279 0.994385 0
1.61279 0.244385 0
0.612793 0.744385 0
0.862793 0.119385 0
1.86279 0.619385 0
1.36279 0.369385 0
0.362793 0.869385 0
0.487793 0.181885 0
1.48779 0.681885 0
1.98779 0.431885 0
0.987793 0.931885 0
0.737793 0.306885 0
1.73779 0.806885 0
1.23779 0.0568848 0
0.237793 0.556885 0
0.175293 0.0256348 0
1.17529 0.525635 0
1.67529 0.275635 0
0.675293 0.775635 0
0.925293 0.400635 0
1.92529 0.900635 0
1.42529 0.150635 0
0.425293 0.650635 0
0.300293 0.338135 0
1.30029 0.838135 0
1.80029 0.0881348 0
0.800293 0.588135 0
0.550293 0.213135 0
1.55029 0.713135 0
1.05029 0.463135 0
0.050293 0.963135 0
0.034668 0.361572 0
1.03467 0.861572 0
1.53467 0.111572 0
0.534668 0.611572 0
0.784668 0.236572 0
1.78467 0.736572 0
1.28467 0.486572 0
0.284668 0.986572 0
0.409668 0.0490723 0
1.40967 0.549072 0
1.90967 0.299072 0
0.909668 0.799072 0
0.659668 0.424072 0
1.65967 0.924072 0
1.15967 0.174072 0
0.159668 0.674072 0
0.222168 0.142822 0
1.22217 0.642822 0
1.72217 0.392822 0
0.722168 0.892822 0
0.972168 0.267822 0
1.97217 0.767822 0
1.47217 0.0178223 0
0.472168 0.517822 0
0.347168 0.455322 0
1.34717 0.955322 0
1.84717 0.205322 0
0.847168 0.705322 0
0.597168 0.0803223 0
1.59717 0.580322 0
1.09717 0.330322 0
0.097168 0.830322 0
0.065918 0.0959473 0
1.06592 0.595947 0
1.56592 0.345947 0
0.565918 0.845947 0
0.815918 0.470947 0
1.81592 0.970947 0
1.31592 0.220947 0
0.315918 0.720947 0
0.440918 0.283447 0
1.44092 0.783447 0
1.94092 0.0334473 0
0.940918 0.533447 0
0.690918 0.158447 0
1.69092 0.658447 0
1.19092 0.408447 0
0.190918 0.908447 0
0.128418 0.377197 0
1.12842 0.877197 0
1.62842 0.127197 0
0.628418 0.627197 0
0.878418 0.00219727 0
1.87842 0.502197 0
1.37842 0.252197 0
0.378418 0.752197 0
0.253418 0.189697 0
1.25342 0.689697 0
1.75342 0.439697 0
0.753418 0.939697 0
0.503418 0.314697 0
1.50342 0.814697 0
1.00342 0.0646973 0
0.00341797 0.564697 0
0.00244141 0.188232 0
1.00244 0.688232 0
1.50244 0.438232 0
0.502441 0.938232 0
0.752441 0.313232 0
1.75244 0.813232 0
1.25244 0.0632324 0
0.252441 0.563232 0
0.377441 0.375732 0
1.37744 0.875732 0
1.87744 0.125732 0
0.877441 0.625732 0
0.627441 0.000732422 0
1.62744 0.500732 0
1.12744 0.250732 0
0.127441 0.750732 0
0.189941 0.281982 0
1.18994 0.781982 0
1.68994 0.0319824 0
0.689941 0.531982 0
0.939941 0.156982 0
1.93994 0.656982 0
1.43994 0.406982 0
0.439941 0.906982 0
0.314941 0.0944824 0
1.31494 0.594482 0
1.81494 0.344482 0
0.814941 0.844482 0
0.564941 0.469482 0
1.56494 0.969482 0
1.06494 0.219482 0
0.0649414 0.719482 0
0.0961914 0.453857 0
1.09619 0.953857 0
1.59619 0.203857 0
0.596191 0.703857 0
0.846191 0.0788574 0
1.84619 0.578857 0
1.34619 0.328857 0
0.346191 0.828857 0
0.471191 0.141357 0
1.47119 0.641357 0
1.97119 0.391357 0
0.971191 0.891357 0
0.721191 0.266357 0
1.72119 0.766357 0
1.22119 0.0163574 0
0.221191 0.516357 0
0.158691 0.0476074 0
1.15869 0.547607 0
1.65869 0.297607 0
0.658691 0.797607 0
0.908691 0.422607 0
1.90869 0.922607 0
1.40869 0.172607 0
0.408691 0.672607 0
0.283691 0.360107 0
1.28369 0.860107 0
1.78369 0.110107 0
0.783691 0.610107 0
0.533691 0.235107 0
1.53369 0.735107 0
1.03369 0.485107 0
0.0336914 0.985107 0
0.0493164 0.33667 0
1.04932 0.83667 0
1.54932 0.0866699 0
0.549316 0.58667 0
0.799316 0.21167 0
1.79932 0.71167 0
1.29932 0.46167 0
0.299316 0.96167 0
0.424316 0.0241699 0
1.42432 0.52417 0
1.92432 0.27417 0
0.924316 0.77417 0
0.674316 0.39917 0
1.67432 0.89917 0
1.17432 0.14917 0
0.174316 0.64917 0
0.236816 0.18042 0
1.23682 0.68042 0
1.73682 0.43042 0
0.736816 0.93042 0
0.986816 0.30542 0
1.98682 0.80542 0
1.48682 0.0554199 0
0.486816 0.55542 0
0.361816 0.49292 0
1.36182 0.99292 0
1.86182 0.24292 0
0.861816 0.74292 0
0.611816 0.11792 0
1.61182 0.61792 0
1.11182 0.36792 0
0.111816 0.86792 0
0.0805664 0.0710449 0
1.08057 0.571045 0
1.58057 0.321045 0
0.580566 0.821045 0
0.830566 0.446045 0
1.83057 0.946045 0
1.33057 0.196045 0
0.330566 0.696045 0
0.455566 0.258545 0
1.45557 0.758545 0
1.95557 0.00854492 0
0.955566 0.508545 0
0.705566 0.133545 0
1.70557 0.633545 0
1.20557 0.383545 0
0.205566 0.883545 0
0.143066 0.414795 0
1.14307 0.914795 0
1.64307 0.164795 0
0.643066 0.664795 0
0.893066 0.0397949 0
1.89307 0.539795 0
1.39307 0.289795 0
0.393066 0.789795 0
0.268066 0.227295 0
1.26807 0.727295 0
1.76807 0.477295 0
0.768066 0.977295 0
0.518066 0.352295 0
1.51807 0.852295 0
1.01807 0.102295 0
0.0180664 0.602295 0
0.0258789 0.395264 0
1.02588 0.895264 0
1.52588 0.145264 0
0.525879 0.645264 0
0.775879 0.0202637 0
1.77588 0.520264 0
1.27588 0.270264 0
0.275879 0.770264 0
0.400879 0.207764 0
1.40088 0.707764 0
1.90088 0.457764 0
0.900879 0.957764 0
0.650879 0.332764 0
1.65088 0.832764 0
1.15088 0.0827637 0
0.150879 0.582764 0
0.213379 0.114014 0
1.21338 0.614014 0
1.71338 0.364014 0
0.713379 0.864014 0
0.963379 0.489014 0
1.96338 0.989014 0
1.46338 0.239014 0
0.463379 0.739014 0
0.338379 0.301514 0
1.33838 0.801514 0
1.83838 0.0515137 0
0.838379 0.551514 0
0.588379 0.176514 0
1.58838 0.676514 0
1.08838 0.426514 0
0.0883789 0.926514 0
0.119629 0.129639 0
1.11963 0.629639 0
1.61963 0.379639 0
0.619629 0.879639 0
0.869629 0.254639 0
1.86963 0.754639 0
1.36963 0.00463867 0
0.369629 0.504639 0
0.494629 0.442139 0
1.49463 0.942139 0
1.99463 0.192139 0
0.994629 0.692139 0
0.744629 0.0671387 0
1.74463 0.567139 0
1.24463 0.317139 0
0.244629 0.817139 0
0.182129 0.348389 0
1.18213 0.848389 0
1.68213 0.0983887 0
0.682129 0.598389 0
0.932129 0.223389 0
1.93213 0.723389 0
1.43213 0.473389 0
0.432129 0.973389 0
0.307129 0.0358887 0
1.30713 0.535889 0
1.80713 0.285889 0
0.807129 0.785889 0
0.557129 0.410889 0
1.55713 0.910889 0
1.05713 0.160889 0
0.0571289 0.660889 0
0.0415039 0.0124512 0
1.0415 0.512451 0
1.5415 0.262451 0
0.541504 0.762451 0
0.791504 0.387451 0
1.7915 0.887451 0
1.2915 0.137451 0
0.291504 0.637451 0
0.416504 0.324951 0
1.4165 0.824951 0
1.9165 0.0749512 0
0.916504 0.574951 0
0.666504 0.199951 0
1.6665 0.699951 0
1.1665 0.449951 0
0.166504 0.949951 0
0.229004 0.481201 0
1.229 0.981201 0
1.729 0.231201 0
0.729004 0.731201 0
0.979004 0.106201 0
1.979 0.606201 0
1.479 0.356201 0
0.479004 0.856201 0
0.354004 0.168701 0
1.354 0.668701 0
1.854 0.418701 0
0.854004 0.918701 0
0.604004 0.293701 0
1.604 0.793701 0
1.104 0.0437012 0
0.104004 0.543701 0
0.0727539 0.278076 0
1.07275 0.778076 0
1.57275 0.0280762 0
0.572754 0.528076 0
0.822754 0.153076 0
1.82275 0.653076 0
1.32275 0.403076 0
0.322754 0.903076 0
0.447754 0.0905762 0
1.44775 0.590576 0
1.94775 0.340576 0
0.947754 0.840576 0
0.697754 0.465576 0
1.69775 0.965576 0
1.19775 0.215576 0
0.197754 0.715576 0
0.135254 0.246826 0
1.13525 0.746826 0
1.63525 0.496826 0
0.635254 0.996826 0
0.885254 0.371826 0
1.88525 0.871826 0
1.38525 0.121826 0
0.385254 0.621826 0
0.260254 0.434326 0
1.26025 0.934326 0
1.76025 0.184326 0
0.760254 0.684326 0
0.510254 0.0593262 0
1.51025 0.559326 0
1.01025 0.309326 0
0.0102539 0.809326 0
0.0141602 0.311279 0
1.01416 0.811279 0
1.51416 0.0612793 0
0.51416 0.561279 0
0.76416 0.186279 0
1.76416 0.686279 0
1.26416 0.436279 0
0.26416 0.936279 0
0.38916 0.123779 0
1.38916 0.623779 0
1.88916 0.373779 0
0.88916 0.873779 0
0.63916 0.498779 0
1.63916 0.998779 0
1.13916 0.248779 0
0.13916 0.748779 0
0.20166 0.217529 0
1.20166 0.717529 0
1.70166 0.467529 0
0.70166 0.967529 0
0.95166 0.342529 0
1.95166 0.842529 0
1.45166 0.0925293 0
0.45166 0.592529 0
0.32666 0.405029 0
1.32666 0.905029 0
1.82666 0.155029 0
0.82666 0.655029 0
0.57666 0.0300293 0
1.57666 0.530029 0
1.07666 0.280029 0
0.0766602 0.780029 0
0.10791 0.0456543 0
1.10791 0.545654 0
1.60791 0.295654 0
0.60791 0.795654 0
0.85791 0.420654 0
1.85791 0.920654 0
1.35791 0.170654 0
0.35791 0.670654 0
0.48291 0.358154 0
1.48291 0.858154 0
1.98291 0.108154 0
0.98291 0.608154 0
0.73291 0.233154 0
1.73291 0.733154 0
1.23291 0.483154 0
0.23291 0.983154 0
0.17041 0.451904 0
1.17041 0.951904 0
1.67041 0.201904 0
0.67041 0.701904 0
0.92041 0.0769043 0
1.92041 0.576904 0
1.42041 0.326904 0
0.42041 0.826904 0
0.29541 0.139404 0
1.29541 0.639404 0
1.79541 0.389404 0
0.79541 0.889404 0
0.54541 0.264404 0
1.54541 0.764404 0
1.04541 0.0144043 0
0.0454102 0.514404 0
0.0610352 0.162842 0
1.06104 0.662842 0
1.56104 0.412842 0
0.561035 0.912842 0
0.811035 0.287842 0
1.81104 0.787842 0
1.31104 0.0378418 0
0.311035 0.537842 0
0.436035 0.475342 0
1.43604 0.975342 0
1.93604 0.225342 0
0.936035 0.725342 0
0.686035 0.100342 0
1.68604 0.600342 0
1.18604 0.350342 0
0.186035 0.850342 0
0.248535 0.319092 0
1.24854 0.819092 0
1.74854 0.0690918 0
0.748535 0.569092 0
0.998535 0.194092 0
1.99854 0.694092 0
1.49854 0.444092 0
0.498535 0.944092 0
0.373535 0.0065918 0
1.37354 0.506592 0
1.87354 0.256592 0
0.873535 0.756592 0
0.623535 0.381592 0
1.62354 0.881592 0
1.12354 0.131592 0
0.123535 0.631592 0
0.0922852 0.428467 0
1.09229 0.928467 0
1.59229 0.178467 0
0.592285 0.678467 0
0.842285 0.0534668 0
1.84229 0.553467 0
1.34229 0.303467 0
0.342285 0.803467 0
0.467285 0.240967 0
1.46729 0.740967 0
1.96729 0.490967 0
0.967285 0.990967 0
0.717285 0.365967 0
1.71729 0.865967 0
1.21729 0.115967 0
0.217285 0.615967 0
0.154785 0.0847168 0
1.15479 0.584717 0
1.65479 0.334717 0
0.654785 0.834717 0
0.904785 0.459717 0
1.90479 0.959717 0
1.40479 0.209717 0
0.404785 0.709717 0
0.279785 0.272217 0
1.27979 0.772217 0
1.77979 0.0222168 0
0.779785 0.522217 0
0.529785 0.147217 0
1.52979 0.647217 0
1.02979 0.397217 0
0.0297852 0.897217 0
0.0219727 0.104248 0
1.02197 0.604248 0
1.52197 0.354248 0
0.521973 0.854248 0
0.771973 0.479248 0
1.77197 0.979248 0
1.27197 0.229248 0
0.271973 0.729248 0
0.396973 0.291748 0
1.39697 0.791748 0
1.89697 0.041748 0
0.896973 0.541748 0
0.646973 0.166748 0
1.64697 0.666748 0
1.14697 0.416748 0
0.146973 0.916748 0
0.209473 0.385498 0
1.20947 0.885498 0
1.70947 0.135498 0
0.709473 0.635498 0
0.959473 0.010498 0
1.95947 0.510498 0
1.45947 0.260498 0
0.459473 0.760498 0
0.334473 0.197998 0
1.33447 0.697998 0
1.83447 0.447998 0
0.834473 0.947998 0
0.584473 0.322998 0
1.58447 0.822998 0
1.08447 0.072998 0
0.0844727 0.572998 0
0.115723 0.369873 0
1.11572 0.869873 0
1.61572 0.119873 0
0.615723 0.619873 0
0.865723 0.244873 0
1.86572 0.744873 0
1.36572 0.494873 0
0.365723 0.994873 0
0.490723 0.057373 0
1.49072 0.557373 0
1.99072 0.307373 0
0.990723 0.807373 0
0.740723 0.432373 0
1.74072 0.932373 0
1.24072 0.182373 0
0.240723 0.682373 0
0.178223 0.151123 0
1.17822 0.651123 0
1.67822 0.401123 0
0.678223 0.901123 0
0.928223 0.276123 0
1.92822 0.776123 0
1.42822 0.026123 0
0.428223 0.526123 0
0.303223 0.463623 0
1.30322 0.963623 0
1.80322 0.213623 0
0.803223 0.713623 0
0.553223 0.088623 0
1.55322 0.588623 0
1.05322 0.338623 0
0.0532227 0.838623 0
0.0375977 0.487061 0
1.0376 0.987061 0
1.5376 0.237061 0
0.537598 0.737061 0
0.787598 0.112061 0
1.7876 0.612061 0
1.2876 0.362061 0
0.287598 0.862061 0
0.412598 0.174561 0
1.4126 0.674561 0
1.9126 0.424561 0
0.912598 0.924561 0
0.662598 0.299561 0
1.6626 0.799561 0
1.1626 0.0495605 0
0.162598 0.549561 0
0.225098 0.0183105 0
1.2251 0.518311 0
1.7251 0.268311 0
0.725098 0.768311 0
0.975098 0.393311 0
1.9751 0.893311 0
1.4751 0.143311 0
0.475098 0.643311 0
0.350098 0.330811 0
1.3501 0.830811 0
1.8501 0.0808105 0
0.850098 0.580811 0
0.600098 0.205811 0
1.6001 0.705811 0
1.1001 0.455811 0
0.100098 0.955811 0
0.0688477 0.221436 0
1.06885 0.721436 0
1.56885 0.471436 0
0.568848 0.971436 0
0.818848 0.346436 0
1.81885 0.846436 0
1.31885 0.0964355 0
0.318848 0.596436 0
0.443848 0.408936 0
1.44385 0.908936 0
1.94385 0.158936 0
0.943848 0.658936 0
0.693848 0.0339355 0
1.69385 0.533936 0
1.19385 0.283936 0
0.193848 0.783936 0
0.131348 0.252686 0
1.13135 0.752686 0
1.63135 0.00268555 0
0.631348 0.502686 0
0.881348 0.127686 0
1.88135 0.627686 0
1.38135 0.377686 0
0.381348 0.877686 0
0.256348 0.0651855 0
1.25635 0.565186 0
1.75635 0.315186 0
0.756348 0.815186 0
0.506348 0.440186 0
1.50635 0.940186 0
1.00635 0.190186 0
0.00634766 0.690186 0
0.00439453 0.439209 0
1.00439 0.939209 0
1.50439 0.189209 0
0.504395 0.689209 0
0.754395 0.064209 0
1.75439 0.564209 0
1.25439 0.314209 0
0.254395 0.814209 0
0.379395 0.126709 0
1.37939 0.626709 0
1.87939 0.376709 0
0.879395 0.876709 0
0.629395 0.251709 0
1.62939 0.751709 0
1.12939 0.00170898 0
0.129395 0.501709 0
0.191895 0.032959 0
1.19189 0.532959 0
1.69189 0.282959 0
0.691895 0.782959 0
0.941895 0.407959 0
1.94189 0.907959 0
1.44189 0.157959 0
0.441895 0.657959 0
0.316895 0.345459 0
1.31689 0.845459 0
1.81689 0.095459 0
0.816895 0.595459 0
0.566895 0.220459 0
1.56689 0.720459 0
1.06689 0.470459 0
0.0668945 0.970459 0
0.0981445 0.204834 0
1.09814 0.704834 0
1.59814 0.454834 0
0.598145 0.954834 0
0.848145 0.329834 0
1.84814 0.829834 0
1.34814 0.079834 0
0.348145 0.579834 0
0.473145 0.392334 0
1.47314 0.892334 0
1.97314 0.142334 0
0.973145 0.642334 0
0.723145 0.017334 0
1.72314 0.517334 0
1.22314 0.267334 0
0.223145 0.767334 0
0.160645 0.298584 0
1.16064 0.798584 0
1.66064 0.048584 0
0.660645 0.548584 0
0.910645 0.173584 0
1.91064 0.673584 0
1.41064 0.423584 0
0.410645 0.923584 0
0.285645 0.111084 0
1.28564 0.611084 0
1.78564 0.361084 0
0.785645 0.861084 0
0.535645 0.486084 0
1.53564 0.986084 0
1.03564 0.236084 0
0.0356445 0.736084 0
0.0512695 0.0876465 0
1.05127 0.587646 0
1.55127 0.337646 0
0.55127 0.837646 0
0.80127 0.462646 0
1.80127 0.962646 0
1.30127 0.212646 0
0.30127 0.712646 0
0.42627 0.275146 0
1.42627 0.775146 0
1.92627 0.0251465 0
0.92627 0.525146 0
0.67627 0.150146 0
1.67627 0.650146 0
1.17627 0.400146 0
0.17627 0.900146 0
0.23877 0.431396 0
1.23877 0.931396 0
1.73877 0.181396 0
0.73877 0.681396 0
0.98877 0.0563965 0
1.98877 0.556396 0
1.48877 0.306396 0
0.48877 0.806396 0
0.36377 0.243896 0
1.36377 0.743896 0
1.86377 0.493896 0
0.86377 0.993896 0
0.61377 0.368896 0
1.61377 0.868896 0
1.11377 0.118896 0
0.11377 0.618896 0
0.0825195 0.322021 0
1.08252 0.822021 0
1.58252 0.0720215 0
0.58252 0.572021 0
0.83252 0.197021 0
1.83252 0.697021 0
1.33252 0.447021 0
0.33252 0.947021 0
0.45752 0.00952148 0
1.45752 0.509521 0
1.95752 0.259521 0
0.95752 0.759521 0
0.70752 0.384521 0
1.70752 0.884521 0
1.20752 0.134521 0
0.20752 0.634521 0
0.14502 0.165771 0
1.14502 0.665771 0
1.64502 0.415771 0
0.64502 0.915771 0
0.89502 0.290771 0
1.89502 0.790771 0
1.39502 0.0407715 0
0.39502 0.540771 0
0.27002 0.478271 0
1.27002 0.978271 0
1.77002 0.228271 0
0.77002 0.728271 0
0.52002 0.103271 0
1.52002 0.603271 0
1.02002 0.353271 0
0.0200195 0.853271 0
0.027832 0.14624 0
1.02783 0.64624 0
1.52783 0.39624 0
0.527832 0.89624 0
0.777832 0.27124 0
1.77783 0.77124 0
1.27783 0.0212402 0
0.277832 0.52124 0
0.402832 0.45874 0
1.40283 0.95874 0
1.90283 0.20874 0
0.902832 0.70874 0
0.652832 0.0837402 0
1.65283 0.58374 0
1.15283 0.33374 0
0.152832 0.83374 0
0.215332 0.36499 0
1.21533 0.86499 0
1.71533 0.11499 0
0.715332 0.61499 0
0.965332 0.23999 0
1.96533 0.73999 0
1.46533 0.48999 0
0.465332 0.98999 0
0.340332 0.0524902 0
1.34033 0.55249 0
1.84033 0.30249 0
0.840332 0.80249 0
0.590332 0.42749 0
1.59033 0.92749 0
1.09033 0.17749 0
0.090332 0.67749 0
0.121582 0.380615 0
1.12158 0.880615 0
1.62158 0.130615 0
0.621582 0.630615 0
0.871582 0.00561523 0
1.87158 0.505615 0
1.37158 0.255615 0
0.371582 0.755615 0
0.496582 0.193115 0
1.49658 0.693115 0
1.99658 0.443115 0
0.996582 0.943115 0
0.746582 0.318115 0
1.74658 0.818115 0
1.24658 0.0681152 0
0.246582 0.568115 0
0.184082 0.0993652 0
1.18408 0.599365 0
1.68408 0.349365 0
0.684082 0.849365 0
0.934082 0.474365 0
1.93408 0.974365 0
1.43408 0.224365 0
0.434082 0.724365 0
0.309082 0.286865 0
1.30908 0.786865 0
1.80908 0.0368652 0
0.809082 0.536865 0
0.559082 0.161865 0
1.55908 0.661865 0
1.05908 0.411865 0
0.059082 0.911865 0
0.043457 0.263428 0
1.04346 0.763428 0
1.54346 0.0134277 0
0.543457 0.513428 0
0.793457 0.138428 0
1.79346 0.638428 0
1.29346 0.388428 0
0.293457 0.888428 0
0.418457 0.0759277 0
1.41846 0.575928 0
1.91846 0.325928 0
0.918457 0.825928 0
0.668457 0.450928 0
1.66846 0.950928 0
1.16846 0.200928 0
0.168457 0.700928 0
0.230957 0.232178 0
1.23096 0.732178 0
1.73096 0.482178 0
0.730957 0.982178 0
0.980957 0.357178 0
1.98096 0.857178 0
1.48096 0.107178 0
0.480957 0.607178 0
0.355957 0.419678 0
1.35596 0.919678 0
1.85596 0.169678 0
0.855957 0.669678 0
0.605957 0.0446777 0
1.60596 0.544678 0
1.10596 0.294678 0
0.105957 0.794678 0
0.074707 0.0290527 0
1.07471 0.529053 0
1.57471 0.279053 0
0.574707 0.779053 0
0.824707 0.404053 0
1.82471 0.904053 0
1.32471 0.154053 0
0.324707 0.654053 0
0.449707 0.341553 0
1.44971 0.841553 0
1.94971 0.0915527 0
0.949707 0.591553 0
0.699707 0.216553 0
1.69971 0.716553 0
1.19971 0.466553 0
0.199707 0.966553 0
0.137207 0.497803 0
1.13721 0.997803 0
1.63721 0.247803 0
0.637207 0.747803 0
0.887207 0.122803 0
1.88721 0.622803 0
1.38721 0.372803 0
0.387207 0.872803 0
0.262207 0.185303 0
1.26221 0.685303 0
1.76221 0.435303 0
0.762207 0.935303 0
0.512207 0.310303 0
1.51221 0.810303 0
1.01221 0.0603027 0
0.012207 0.560303 0
0.00830078 0.0622559 0
1.0083 0.562256 0
1.5083 0.312256 0
0.508301 0.812256 0
0.758301 0.437256 0
1.7583 0.937256 0
1.2583 0.187256 0
0.258301 0.687256 0
0.383301 0.374756 0
1.3833 0.874756 0
1.8833 0.124756 0
0.883301 0.624756 0
0.633301 0.249756 0
1.6333 0.749756 0
1.1333 0.499756 0
0.133301 0.999756 0
0.195801 0.468506 0
1.1958 0.968506 0
1.6958 0.218506 0
0.695801 0.718506 0
0.945801 0.0935059 0
1.9458 0.593506 0
1.4458 0.343506 0
0.445801 0.843506 0
0.320801 0.156006 0
1.3208 0.656006 0
1.8208 0.406006 0
0.820801 0.906006 0
0.570801 0.281006 0
1.5708 0.781006 0
1.0708 0.0310059 0
0.0708008 0.531006 0
0.102051 0.296631 0
1.10205 0.796631 0
1.60205 0.0466309 0
0.602051 0.546631 0
0.852051 0.171631 0
1.85205 0.671631 0
1.35205 0.421631 0
0.352051 0.921631 0
0.477051 0.109131 0
1.47705 0.609131 0
1.97705 0.359131 0
0.977051 0.859131 0
0.727051 0.484131 0
1.72705 0.984131 0
1.22705 0.234131 0
0.227051 0.734131 0
0.164551 0.202881 0
1.16455 0.702881 0
1.66455 0.452881 0
0.664551 0.952881 0
0.914551 0.327881 0
1.91455 0.827881 0
1.41455 0.0778809 0
0.414551 0.577881 0
0.289551 0.390381 0
1.28955 0.890381 0
1.78955 0.140381 0
0.789551 0.640381 0
0.539551 0.0153809 0
1.53955 0.515381 0
1.03955 0.265381 0
0.0395508 0.765381 0
0.0551758 0.413818 0
1.05518 0.913818 0
1.55518 0.163818 0
0.555176 0.663818 0
0.805176 0.0388184 0
1.80518 0.538818 0
1.30518 0.288818 0
0.305176 0.788818 0
0.430176 0.226318 0
1.43018 0.726318 0
1.93018 0.476318 0
0.930176 0.976318 0
0.680176 0.351318 0
1.68018 0.851318 0
1.18018 0.101318 0
0.180176 0.601318 0
0.242676 0.0700684 0
1.24268 0.570068 0
1.74268 0.320068 0
0.742676 0.820068 0
0.992676 0.445068 0
1.99268 0.945068 0
1.49268 0.195068 0
0.492676 0.695068 0
0.367676 0.257568 0
1.36768 0.757568 0
1.86768 0.00756836 0
0.867676 0.507568 0
0.617676 0.132568 0
1.61768 0.632568 0
1.11768 0.382568 0
0.117676 0.882568 0
0.0864258 0.179443 0
1.08643 0.679443 0
1.58643 0.429443 0
0.586426 0.929443 0
0.836426 0.304443 0
1.83643 0.804443 0
1.33643 0.0544434 0
0.336426 0.554443 0
0.461426 0.491943 0
1.46143 0.991943 0
1.96143 0.241943 0
0.961426 0.741943 0
0.711426 0.116943 0
1.71143 0.616943 0
1.21143 0.366943 0
0.211426 0.866943 0
0.148926 0.335693 0
1.14893 0.835693 0
1.64893 0.0856934 0
0.648926 0.585693 0
0.898926 0.210693 0
1.89893 0.710693 0
1.39893 0.460693 0
0.398926 0.960693 0
0.273926 0.0231934 0
1.27393 0.523193 0
1.77393 0.273193 0
0.773926 0.773193 0
0.523926 0.398193 0
1.52393 0.898193 0
1.02393 0.148193 0
0.0239258 0.648193 0
0.0161133 0.355225 0
1.01611 0.855225 0
1.51611 0.105225 0
0.516113 0.605225 0
0.766113 0.230225 0
1.76611 0.730225 0
1.26611 0.480225 0
0.266113 0.980225 0
0.391113 0.0427246 0
1.39111 0.542725 0
1.89111 0.292725 0
0.891113 0.792725 0
0.641113 0.417725 0
1.64111 0.917725 0
1.14111 0.167725 0
0.141113 0.667725 0
0.203613 0.136475 0
1.20361 0.636475 0
1.70361 0.386475 0
0.703613 0.886475 0
0.953613 0.261475 0
1.95361 0.761475 0
1.45361 0.0114746 0
0.453613 0.511475 0
0.328613 0.448975 0
1.32861 0.948975 0
1.82861 0.198975 0
0.828613 0.698975 0
0.578613 0.0739746 0
1.57861 0.573975 0
1.07861 0.323975 0
0.0786133 0.823975 0
0.109863 0.12085 0
1.10986 0.62085 0
1.60986 0.37085 0
0.609863 0.87085 0
0.859863 0.49585 0
1.85986 0.99585 0
1.35986 0.24585 0
0.359863 0.74585 0
0.484863 0.30835 0
1.48486 0.80835 0
1.98486 0.0583496 0
0.984863 0.55835 0
0.734863 0.18335 0
1.73486 0.68335 0
1.23486 0.43335 0
0.234863 0.93335 0
0.172363 0.4021 0
1.17236 0.9021 0
1.67236 0.1521 0
0.672363 0.6521 0
0.922363 0.0270996 0
1.92236 0.5271 0
1.42236 0.2771 0
0.422363 0.7771 0
0.297363 0.2146 0
1.29736 0.7146 0
1.79736 0.4646 0
0.797363 0.9646 0
0.547363 0.3396 0
1.54736 0.8396 0
1.04736 0.0895996 0
0.0473633 0.5896 0
0.0317383 0.238037 0
1.03174 0.738037 0
1.53174 0.488037 0
0.531738 0.988037 0
0.781738 0.363037 0
1.78174 0.863037 0
1.28174 0.113037 0
0.281738 0.613037 0
0.406738 0.425537 0
1.40674 0.925537 0
1.90674 0.175537 0
0.906738 0.675537 0
0.656738 0.0505371 0
1.65674 0.550537 0
1.15674 0.300537 0
0.156738 0.800537 0
0.219238 0.269287 0
1.21924 0.769287 0
1.71924 0.0192871 0
0.719238 0.519287 0
0.969238 0.144287 0
1.96924 0.644287 0
1.46924 0.394287 0
0.469238 0.894287 0
0.344238 0.0817871 0
1.34424 0.581787 0
1.84424 0.331787 0
0.844238 0.831787 0
0.594238 0.456787 0
1.59424 0.956787 0
1.09424 0.206787 0
0.0942383 0.706787 0
0.0629883 0.472412 0
1.06299 0.972412 0
1.56299 0.222412 0
0.562988 0.722412 0
0.812988 0.0974121 0
1.81299 0.597412 0
1.31299 0.347412 0
0.312988 0.847412 0
0.437988 0.159912 0
1.43799 0.659912 0
1.93799 0.409912 0
0.937988 0.909912 0
0.687988 0.284912 0
1.68799 0.784912 0
1.18799 0.0349121 0
0.187988 0.534912 0
0.125488 0.00366211 0
1.12549 0.503662 0
1.62549 0.253662 0
0.625488 0.753662 0
0.875488 0.378662 0
1.87549 0.878662 0
1.37549 0.128662 0
0.375488 0.628662 0
0.250488 0.316162 0
1.25049 0.816162 0
1.75049 0.0661621 0
0.750488 0.566162 0
0.500488 0.191162 0
1.50049 0.691162 0
1.00049 0.441162 0
0.000488281 0.941162 0
0.000732422 0.470581 0
1.00073 0.970581 0
1.50073 0.220581 0
0.500732 0.720581 0
0.750732 0.0955811 0
1.75073 0.595581 0
1.25073 0.345581 0
0.250732 0.845581 0
0.375732 0.158081 0
1.37573 0.658081 0
1.87573 0.408081 0
0.875732 0.908081 0
0.625732 0.283081 0
1.62573 0.783081 0
1.12573 0.0330811 0
0.125732 0.533081 0
0.188232 0.00183105 0
1.18823 0.501831 0
1.68823 0.251831 0
0.688232 0.751831 0
0.938232 0.376831 0
1.93823 0.876831 0
1.43823 0.126831 0
0.438232 0.626831 0
0.313232 0.314331 0
1.31323 0.814331 0
1.81323 0.0643311 0
0.813232 0.564331 0
0.563232 0.189331 0
1.56323 0.689331 0
1.06323 0.439331 0
0.0632324 0.939331 0
0.0944824 0.236206 0
1.09448 0.736206 0
1.59448 0.486206 0
0.594482 0.986206 0
0.844482 0.361206 0
1.84448 0.861206 0
1.34448 0.111206 0
0.344482 0.611206 0
0.469482 0.423706 0
1.46948 0.923706 0
1.96948 0.173706 0
0.969482 0.673706 0
0.719482 0.0487061 0
1.71948 0.548706 0
1.21948 0.298706 0
0.219482 0.798706 0
0.156982 0.267456 0
1.15698 0.767456 0
1.65698 0.0174561 0
0.656982 0.517456 0
0.906982 0.142456 0
1.90698 0.642456 0
1.40698 0.392456 0
0.406982 0.892456 0
0.281982 0.0799561 0
1.28198 0.579956 0
1.78198 0.329956 0
0.781982 0.829956 0
0.531982 0.454956 0
1.53198 0.954956 0
1.03198 0.204956 0
0.0319824 0.704956 0
0.0476074 0.119019 0
1.04761 0.619019 0
1.54761 0.369019 0
0.547607 0.869019 0
0.797607 0.494019 0
1.79761 0.994019 0
1.29761 0.244019 0
0.297607 0.744019 0
0.422607 0.306519 0
1.42261 0.806519 0
1.92261 0.0565186 0
0.922607 0.556519 0
0.672607 0.181519 0
1.67261 0.681519 0
1.17261 0.431519 0
0.172607 0.931519 0
0.235107 0.400269 0
1.23511 0.900269 0
1.73511 0.150269 0
0.735107 0.650269 0
0.985107 0.0252686 0
1.98511 0.525269 0
1.48511 0.275269 0
0.485107 0.775269 0
0.360107 0.212769 0
1.36011 0.712769 0
1.86011 0.462769 0
0.860107 0.962769 0
0.610107 0.337769 0
1.61011 0.837769 0
1.11011 0.0877686 0
0.110107 0.587769 0
0.0788574 0.353394 0
1.07886 0.853394 0
1.57886 0.103394 0
0.578857 0.603394 0
0.828857 0.228394 0
1.82886 0.728394 0
1.32886 0.478394 0
0.328857 0.978394 0
0.453857 0.0408936 0
1.45386 0.540894 0
1.95386 0.290894 0
0.953857 0.790894 0
0.703857 0.415894 0
1.70386 0.915894 0
1.20386 0.165894 0
0.203857 0.665894 0
0.141357 0.134644 0
1.14136 0.634644 0
1.64136 0.384644 0
0.641357 0.884644 0
0.891357 0.259644 0
1.89136 0.759644 0
1.39136 0.00964355 0
0.391357 0.509644 0
0.266357 0.447144 0
1.26636 0.947144 0
1.76636 0.197144 0
0.766357 0.697144 0
0.516357 0.0721436 0
1.51636 0.572144 0
1.01636 0.322144 0
0.0163574 0.822144 0
0.0241699 0.177612 0
1.02417 0.677612 0
1.52417 0.427612 0
0.52417 0.927612 0
0.77417 0.302612 0
1.77417 0.802612 0
1.27417 0.0526123 0
0.27417 0.552612 0
0.39917 0.490112 0
1.39917 0.990112 0
1.89917 0.240112 0
0.89917 0.740112 0
0.64917 0.115112 0
1.64917 0.615112 0
1.14917 0.365112 0
0.14917 0.865112 0
0.21167 0.333862 0
1.21167 0.833862 0
1.71167 0.0838623 0
0.71167 0.583862 0
0.96167 0.208862 0
1.96167 0.708862 0
1.46167 0.458862 0
0.46167 0.958862 0
0.33667 0.0213623 0
1.33667 0.521362 0
1.83667 0.271362 0
0.83667 0.771362 0
0.58667 0.396362 0
1.58667 0.896362 0
1.08667 0.146362 0
0.0866699 0.646362 0
0.11792 0.411987 0
1.11792 0.911987 0
1.61792 0.161987 0
0.61792 0.661987 0
0.86792 0.0369873 0
1.86792 0.536987 0
1.36792 0.286987 0
0.36792 0.786987 0
0.49292 0.224487 0
1.49292 0.724487 0
1.99292 0.474487 0
0.99292 0.974487 0
0.74292 0.349487 0
1.74292 0.849487 0
1.24292 0.0994873 0
0.24292 0.599487 0
0.18042 0.0682373 0
1.18042 0.568237 0
1.68042 0.318237 0
0.68042 0.818237 0
0.93042 0.443237 0
1.93042 0.943237 0
1.43042 0.193237 0
0.43042 0.693237 0
0.30542 0.255737 0
1.30542 0.755737 0
1.80542 0.0057373 0
0.80542 0.505737 0
0.55542 0.130737 0
1.55542 0.630737 0
1.05542 0.380737 0
0.0554199 0.880737 0
0.0397949 0.2948 0
1.03979 0.7948 0
1.53979 0.0447998 0
0.539795 0.5448 0
0.789795 0.1698 0
1.78979 0.6698 0
1.28979 0.4198 0
0.289795 0.9198 0
0.414795 0.1073 0
1.41479 0.6073 0
1.91479 0.3573 0
0.914795 0.8573 0
0.664795 0.4823 0
1.66479 0.9823 0
1.16479 0.2323 0
0.164795 0.7323 0
0.227295 0.20105 0
1.22729 0.70105 0
1.72729 0.45105 0
0.727295 0.95105 0
0.977295 0.32605 0
1.97729 0.82605 0
1.47729 0.0760498 0
0.477295 0.57605 0
0.352295 0.38855 0
1.35229 0.88855 0
1.85229 0.13855 0
0.852295 0.63855 0
0.602295 0.0135498 0
1.60229 0.51355 0
1.10229 0.26355 0
0.102295 0.76355 0
0.0710449 0.0604248 0
1.07104 0.560425 0
1.57104 0.310425 0
0.571045 0.810425 0
0.821045 0.435425 0
1.82104 0.935425 0
1.32104 0.185425 0
0.321045 0.685425 0
0.446045 0.372925 0
1.44604 0.872925 0
1.94604 0.122925 0
0.946045 0.622925 0
0.696045 0.247925 0
1.69604 0.747925 0
1.19604 0.497925 0
0.196045 0.997925 0
0.133545 0.466675 0
1.13354 0.966675 0
1.63354 0.216675 0
0.633545 0.716675 0
0.883545 0.0916748 0
1.88354 0.591675 0
1.38354 0.341675 0
0.383545 0.841675 0
0.258545 0.154175 0
1.25854 0.654175 0
1.75854 0.404175 0
0.758545 0.904175 0
0.508545 0.279175 0
1.50854 0.779175 0
1.00854 0.0291748 0
0.00854492 0.529175 0
0.0124512 0.0311279 0
1.01245 0.531128 0
1.51245 0.281128 0
0.512451 0.781128 0
0.762451 0.406128 0
1.76245 0.906128 0
1.26245 0.156128 0
0.262451 0.656128 0
0.387451 0.343628 0
1.38745 0.843628 0
1.88745 0.0936279 0
0.887451 0.593628 0
0.637451 0.218628 0
1.63745 0.718628 0
1.13745 0.468628 0
0.137451 0.968628 0
0.199951 0.499878 0
1.19995 0.999878 0
1.69995 0.249878 0
0.699951 0.749878 0
0.949951 0.124878 0
1.94995 0.624878 0
1.44995 0.374878 0
0.449951 0.874878 0
0.324951 0.187378 0
1.32495 0.687378 0
1.82495 0.437378 0
0.824951 0.937378 0
0.574951 0.312378 0
1.57495 0.812378 0
1.07495 0.0623779 0
0.0749512 0.562378 0
0.106201 0.265503 0
1.1062 0.765503 0
1.6062 0.0155029 0
0.606201 0.515503 0
0.856201 0.140503 0
1.8562 0.640503 0
1.3562 0.390503 0
0.356201 0.890503 0
0.481201 0.0780029 0
1.4812 0.578003 0
1.9812 0.328003 0
0.981201 0.828003 0
0.731201 0.453003 0
1.7312 0.953003 0
1.2312 0.203003 0
0.231201 0.703003 0
0.168701 0.234253 0
1.1687 0.734253 0
1.6687 0.484253 0
0.668701 0.984253 0
0.918701 0.359253 0
1.9187 0.859253 0
1.4187 0.109253 0
0.418701 0.609253 0
0.293701 0.421753 0
1.2937 0.921753 0
1.7937 0.171753 0
0.793701 0.671753 0
0.543701 0.0467529 0
1.5437 0.546753 0
1.0437 0.296753 0
0.0437012 0.796753 0
0.0593262 0.38269 0
1.05933 0.88269 0
1.55933 0.13269 0
0.559326 0.63269 0
0.809326 0.00769043 0
1.80933 0.50769 0
1.30933 0.25769 0
0.309326 0.75769 0
0.434326 0.19519 0
1.43433 0.69519 0
1.93433 0.44519 0
0.934326 0.94519 0
0.684326 0.32019 0
1.68433 0.82019 0
1.18433 0.0701904 0
0.184326 0.57019 0
0.246826 0.10144 0
1.24683 0.60144 0
1.74683 0.35144 0
0.746826 0.85144 0
0.996826 0.47644 0
1.99683 0.97644 0
1.49683 0.22644 0
0.496826 0.72644 0
0.371826 0.28894 0
1.37183 0.78894 0
1.87183 0.0389404 0
0.871826 0.53894 0
0.621826 0.16394 0
1.62183 0.66394 0
1.12183 0.41394 0
0.121826 0.91394 0
0.0905762 0.148315 0
1.09058 0.648315 0
1.59058 0.398315 0
0.590576 0.898315 0
0.840576 0.273315 0
1.84058 0.773315 0
1.34058 0.0233154 0
0.340576 0.523315 0
0.465576 0.460815 0
1.46558 0.960815 0
1.96558 0.210815 0
0.965576 0.710815 0
0.715576 0.0858154 0
1.71558 0.585815 0
1.21558 0.335815 0
0.215576 0.835815 0
0.153076 0.367065 0
1.15308 0.867065 0
1.65308 0.117065 0
0.653076 0.617065 0
0.903076 0.242065 0
1.90308 0.742065 0
1.40308 0.492065 0
0.403076 0.992065 0
0.278076 0.0545654 0
1.27808 0.554565 0
1.77808 0.304565 0
0.778076 0.804565 0
0.528076 0.429565 0
1.52808 0.929565 0
1.02808 0.179565 0
0.0280762 0.679565 0
0.0202637 0.324097 0
1.02026 0.824097 0
1.52026 0.0740967 0
0.520264 0.574097 0
0.770264 0.199097 0
1.77026 0.699097 0
1.27026 0.449097 0
0.270264 0.949097 0
0.395264 0.0115967 0
1.39526 0.511597 0
1.89526 0.261597 0
0.895264 0.761597 0
0.645264 0.386597 0
1.64526 0.886597 0
1.14526 0.136597 0
0.145264 0.636597 0
0.207764 0.167847 0
1.20776 0.667847 0
1.70776 0.417847 0
0.707764 0.917847 0
0.957764 0.292847 0
1.95776 0.792847 0
1.45776 0.0428467 0
0.457764 0.542847 0
0.332764 0.480347 0
1.33276 0.980347 0
1.83276 0.230347 0
0.832764 0.730347 0
0.582764 0.105347 0
1.58276 0.605347 0
1.08276 0.355347 0
0.0827637 0.855347 0
0.114014 0.0897217 0
1.11401 0.589722 0
1.61401 0.339722 0
0.614014 0.839722 0
0.864014 0.464722 0
1.86401 0.964722 0
1.36401 0.214722 0
0.364014 0.714722 0
0.489014 0.277222 0
1.48901 0.777222 0
1.98901 0.0272217 0
0.989014 0.527222 0
0.739014 0.152222 0
1.73901 0.652222 0
1.23901 0.402222 0
0.239014 0.902222 0
0.176514 0.433472 0
1.17651 0.933472 0
1.67651 0.183472 0
0.676514 0.683472 0
0.926514 0.0584717 0
1.92651 0.558472 0
1.42651 0.308472 0
0.426514 0.808472 0
0.301514 0.245972 0
1.30151 0.745972 0
1.80151 0.495972 0
0.801514 0.995972 0
0.551514 0.370972 0
1.55151 0.870972 0
1.05151 0.120972 0
0.0515137 0.620972 0
0.0358887 0.206909 0
1.03589 0.706909 0
1.53589 0.456909 0
0.535889 0.956909 0
0.785889 0.331909 0
1.78589 0.831909 0
1.28589 0.0819092 0
0.285889 0.581909 0
0.410889 0.394409 0
1.41089 0.894409 0
1.91089 0.144409 0
0.910889 0.644409 0
0.660889 0.0194092 0
1.66089 0.519409 0
1.16089 0.269409 0
0.160889 0.769409 0
0.223389 0.300659 0
1.22339 0.800659 0
1.72339 0.0506592 0
0.723389 0.550659 0
0.973389 0.175659 0
1.97339 0.675659 0
1.47339 0.425659 0
0.473389 0.925659 0
0.348389 0.113159 0
1.34839 0.613159 0
1.84839 0.363159 0
0.848389 0.863159 0
0.598389 0.488159 0
1.59839 0.988159 0
1.09839 0.238159 0
0.0983887 0.738159 0
0.0671387 0.441284 0
1.06714 0.941284 0
1.56714 0.191284 0
0.567139 0.691284 0
0.817139 0.0662842 0
1.81714 0.566284 0
1.31714 0.316284 0
0.317139 0.816284 0
0.442139 0.128784 0
1.44214 0.628784 0
1.94214 0.378784 0
0.942139 0.878784 0
0.692139 0.253784 0
1.69214 0.753784 0
1.19214 0.00378418 0
0.192139 0.503784 0
0.129639 0.0350342 0
1.12964 0.535034 0
1.62964 0.285034 0
0.629639 0.785034 0
0.879639 0.410034 0
1.87964 0.910034 0
1.37964 0.160034 0
0.379639 0.660034 0
0.254639 0.347534 0
1.25464 0.847534 0
1.75464 0.0975342 0
0.754639 0.597534 0
0.504639 0.222534 0
1.50464 0.722534 0
1.00464 0.472534 0
0.00463867 0.972534 0
0.0065918 0.219604 0
1.00659 0.719604 0
1.50659 0.469604 0
0.506592 0.969604 0
0.756592 0.344604 0
1.75659 0.844604 0
1.25659 0.0946045 0
0.256592 0.594604 0
0.381592 0.407104 0
1.38159 0.907104 0
1.88159 0.157104 0
0.881592 0.657104 0
0.631592 0.0321045 0
1.63159 0.532104 0
1.13159 0.282104 0
0.131592 0.782104 0
0.194092 0.250854 0
1.19409 0.750854 0
1.69409 0.000854492 0
0.694092 0.500854 0
0.944092 0.125854 0
1.94409 0.625854 0
1.44409 0.375854 0
0.444092 0.875854 0
0.319092 0.0633545 0
1.31909 0.563354 0
1.81909 0.313354 0
0.819092 0.813354 0
0.569092 0.438354 0
1.56909 0.938354 0
1.06909 0.188354 0
0.0690918 0.688354 0
0.100342 0.485229 0
1.10034 0.985229 0
1.60034 0.235229 0
0.600342 0.735229 0
0.850342 0.110229 0
1.85034 0.610229 0
1.35034 0.360229 0
0.350342 0.860229 0
0.475342 0.172729 0
1.47534 0.672729 0
1.97534 0.422729 0
0.975342 0.922729 0
0.725342 0.297729 0
1.72534 0.797729 0
1.22534 0.0477295 0
0.225342 0.547729 0
0.162842 0.0164795 0
1.16284 0.516479 0
1.66284 0.266479 0
0.662842 0.766479 0
0.912842 0.391479 0
1.91284 0.891479 0
1.41284 0.141479 0
0.412842 0.641479 0
0.287842 0.328979 0
1.28784 0.828979 0
1.78784 0.0789795 0
0.787842 0.578979 0
0.537842 0.203979 0
1.53784 0.703979 0
1.03784 0.453979 0
0.0378418 0.953979 0
0.0534668 0.368042 0
1.05347 0.868042 0
1.55347 0.118042 0
0.553467 0.618042 0
0.803467 0.243042 0
1.80347 0.743042 0
1.30347 0.493042 0
0.303467 0.993042 0
0.428467 0.055542 0
1.42847 0.555542 0
1.92847 0.305542 0
0.928467 0.805542 0
0.678467 0.430542 0
1.67847 0.930542 0
1.17847 0.180542 0
0.178467 0.680542 0
0.240967 0.149292 0
1.24097 0.649292 0
1.74097 0.399292 0
0.740967 0.899292 0
0.990967 0.274292 0
1.99097 0.774292 0
1.49097 0.024292 0
0.490967 0.524292 0
0.365967 0.461792 0
1.36597 0.961792 0
1.86597 0.211792 0
0.865967 0.711792 0
0.615967 0.086792 0
1.61597 0.586792 0
1.11597 0.336792 0
0.115967 0.836792 0
0.0847168 0.102417 0
1.08472 0.602417 0
1.58472 0.352417 0
0.584717 0.852417 0
0.834717 0.477417 0
1.83472 0.977417 0
1.33472 0.227417 0
0.334717 0.727417 0
0.459717 0.289917 0
1.45972 0.789917 0
1.95972 0.039917 0
0.959717 0.539917 0
0.709717 0.164917 0
1.70972 0.664917 0
1.20972 0.414917 0
0.209717 0.914917 0
0.147217 0.383667 0
1.14722 0.883667 0
1.64722 0.133667 0
0.647217 0.633667 0
0.897217 0.00866699 0
1.89722 0.508667 0
1.39722 0.258667 0
0.397217 0.758667 0
0.272217 0.196167 0
1.27222 0.696167 0
1.77222 0.446167 0
0.772217 0.946167 0
0.522217 0.321167 0
1.52222 0.821167 0
1.02222 0.071167 0
0.0222168 0.571167 0
0.0300293 0.426636 0
1.03003 0.926636 0
1.53003 0.176636 0
0.530029 0.676636 0
0.780029 0.0516357 0
1.78003 0.551636 0
1.28003 0.301636 0
0.280029 0.801636 0
0.405029 0.239136 0
1.40503 0.739136 0
1.90503 0.489136 0
0.905029 0.989136 0
0.655029 0.364136 0
1.65503 0.864136 0
1.15503 0.114136 0
0.155029 0.614136 0
0.217529 0.0828857 0
1.21753 0.582886 0
1.71753 0.332886 0
0.717529 0.832886 0
0.967529 0.457886 0
1.96753 0.957886 0
1.46753 0.207886 0
0.467529 0.707886 0
0.342529 0.270386 0
1.34253 0.770386 0
1.84253 0.0203857 0
0.842529 0.520386 0
0.592529 0.145386 0
1.59253 0.645386 0
1.09253 0.395386 0
0.0925293 0.895386 0
0.123779 0.161011 0
1.12378 0.661011 0
1.62378 0.411011 0
0.623779 0.911011 0
0.873779 0.286011 0
1.87378 0.786011 0
1.37378 0.0360107 0
0.373779 0.536011 0
0.498779 0.473511 0
1.49878 0.973511 0
1.99878 0.223511 0
0.998779 0.723511 0
0.748779 0.0985107 0
1.74878 0.598511 0
1.24878 0.348511 0
0.248779 0.848511 0
0.186279 0.317261 0
1.18628 0.817261 0
1.68628 0.0672607 0
0.686279 0.567261 0
0.936279 0.192261 0
1.93628 0.692261 0
1.43628 0.442261 0
0.436279 0.942261 0
0.311279 0.00476074 0
1.31128 0.504761 0
1.81128 0.254761 0
0.811279 0.754761 0
0.561279 0.379761 0
1.56128 0.879761 0
1.06128 0.129761 0
0.0612793 0.629761 0
0.0456543 0.0438232 0
1.04565 0.543823 0
1.54565 0.293823 0
0.545654 0.793823 0
0.795654 0.418823 0
1.79565 0.918823 0
1.29565 0.168823 0
0.295654 0.668823 0
0.420654 0.356323 0
1.42065 0.856323 0
1.92065 0.106323 0
0.920654 0.606323 0
0.670654 0.231323 0
1.67065 0.731323 0
1.17065 0.481323 0
0.170654 0.981323 0
0.233154 0.450073 0
1.23315 0.950073 0
1.73315 0.200073 0
0.733154 0.700073 0
0.983154 0.0750732 0
1.98315 0.575073 0
1.48315 0.325073 0
0.483154 0.825073 0
0.358154 0.137573 0
1.35815 0.637573 0
1.85815 0.387573 0
0.858154 0.887573 0
0.608154 0.262573 0
1.60815 0.762573 0
1.10815 0.0125732 0
0.108154 0.512573 0
0.0769043 0.309448 0
1.0769 0.809448 0
1.5769 0.0594482 0
0.576904 0.559448 0
0.826904 0.184448 0
1.8269 0.684448 0
1.3269 0.434448 0
0.326904 0.934448 0
0.451904 0.121948 0
1.4519 0.621948 0
1.9519 0.371948 0
0.951904 0.871948 0
0.701904 0.496948 0
1.7019 0.996948 0
1.2019 0.246948 0
0.201904 0.746948 0
0.139404 0.215698 0
1.1394 0.715698 0
1.6394 0.465698 0
0.639404 0.965698 0
0.889404 0.340698 0
1.8894 0.840698 0
1.3894 0.0906982 0
0.389404 0.590698 0
0.264404 0.403198 0
1.2644 0.903198 0
1.7644 0.153198 0
0.764404 0.653198 0
0.514404 0.0281982 0
1.5144 0.528198 0
1.0144 0.278198 0
0.0144043 0.778198 0
0.010498 0.280151 0
1.0105 0.780151 0
1.5105 0.0301514 0
0.510498 0.530151 0
0.760498 0.155151 0
1.7605 0.655151 0
1.2605 0.405151 0
0.260498 0.905151 0
0.385498 0.0926514 0
1.3855 0.592651 0
1.8855 0.342651 0
0.885498 0.842651 0
0.635498 0.467651 0
1.6355 0.967651 0
1.1355 0.217651 0
0.135498 0.717651 0
0.197998 0.248901 0
1.198 0.748901 0
1.698 0.498901 0
0.697998 0.998901 0
0.947998 0.373901 0
1.948 0.873901 0
1.448 0.123901 0
0.447998 0.623901 0
0.322998 0.436401 0
1.323 0.936401 0
1.823 0.186401 0
0.822998 0.686401 0
0.572998 0.0614014 0
1.573 0.561401 0
1.073 0.311401 0
0.072998 0.811401 0
0.104248 0.0145264 0
1.10425 0.514526 0
1.60425 0.264526 0
0.604248 0.764526 0
0.854248 0.389526 0
1.85425 0.889526 0
1.35425 0.139526 0
0.354248 0.639526 0
0.479248 0.327026 0
1.47925 0.827026 0
1.97925 0.0770264 0
0.979248 0.577026 0
0.729248 0.202026 0
1.72925 0.702026 0
1.22925 0.452026 0
0.229248 0.952026 0
0.166748 0.483276 0
1.16675 0.983276 0
1.66675 0.233276 0
0.666748 0.733276 0
0.916748 0.108276 0
1.91675 0.608276 0
1.41675 0.358276 0
0.416748 0.858276 0
0.291748 0.170776 0
1.29175 0.670776 0
1.79175 0.420776 0
0.791748 0.920776 0
0.541748 0.295776 0
1.54175 0.795776 0
1.04175 0.0457764 0
0.041748 0.545776 0
0.057373 0.131714 0
1.05737 0.631714 0
1.55737 0.381714 0
0.557373 0.881714 0
0.807373 0.256714 0
1.80737 0.756714 0
1.30737 0.00671387 0
0.307373 0.506714 0
0.432373 0.444214 0
1.43237 0.944214 0
1.93237 0.194214 0
0.932373 0.694214 0
0.682373 0.0692139 0
1.68237 0.569214 0
1.18237 0.319214 0
0.182373 0.819214 0
0.244873 0.350464 0
1.24487 0.850464 0
1.74487 0.100464 0
0.744873 0.600464 0
0.994873 0.225464 0
1.99487 0.725464 0
1.49487 0.475464 0
0.494873 0.975464 0
0.369873 0.0379639 0
1.36987 0.537964 0
1.86987 0.287964 0
0.869873 0.787964 0
0.619873 0.412964 0
1.61987 0.912964 0
1.11987 0.162964 0
0.119873 0.662964 0
0.088623 0.397339 0
1.08862 0.897339 0
1.58862 0.147339 0
0.588623 0.647339 0
0.838623 0.0223389 0
1.83862 0.522339 0
1.33862 0.272339 0
0.338623 0.772339 0
0.463623 0.209839 0
1.46362 0.709839 0
1.96362 0.459839 0
0.963623 0.959839 0
0.713623 0.334839 0
1.71362 0.834839 0
1.21362 0.0848389 0
0.213623 0.584839 0
0.151123 0.116089 0
1.15112 0.616089 0
1.65112 0.366089 0
0.651123 0.866089 0
0.901123 0.491089 0
1.90112 0.991089 0
1.40112 0.241089 0
0.401123 0.741089 0
0.276123 0.303589 0
1.27612 0.803589 0
1.77612 0.0535889 0
0.776123 0.553589 0
0.526123 0.178589 0
1.52612 0.678589 0
1.02612 0.428589 0
0.026123 0.928589 0
0.0183105 0.0731201 0
1.01831 0.57312 0
1.51831 0.32312 0
0.518311 0.82312 0
0.768311 0.44812 0
1.76831 0.94812 0
1.26831 0.19812 0
0.268311 0.69812 0
